Starting Dynare (version 4.5.7).
Starting preprocessing of the model file ...
Found 9 equation(s).
Evaluating expressions...done
Computing static model derivatives:
 - order 1
Computing dynamic model derivatives:
 - order 1
Processing outputs ...
done
Preprocessing completed.

EIGENVALUES:
         Modulus             Real        Imaginary

            0.95             0.95                0
          0.9601           0.9601                0
           1.052            1.052                0
       6.642e+18        6.642e+18                0


There are 2 eigenvalue(s) larger than 1 in modulus 
for 2 forward-looking variable(s)

The rank condition is verified.


STEADY-STATE RESULTS:

z  		 0
k  		 14.7394
c  		 0.94725
n  		 0.321119
i  		 0.278215
y  		 1.22547
w  		 2.48055
r  		 0.0290997
yn 		 3.81624

MODEL SUMMARY

  Number of variables:         9
  Number of stochastic shocks: 1
  Number of state variables:   2
  Number of jumpers:           2
  Number of static variables:  5


MATRIX OF COVARIANCE OF EXOGENOUS SHOCKS
Variables           e
e            0.000049

POLICY AND TRANSITION FUNCTIONS
                                   y               c               i               k               n               w               r               z              yn
Constant                    1.225466        0.947250        0.278215       14.739436        0.321119        2.480554        0.029100               0        3.816236
z(-1)                       1.746778        0.329702        1.417076        1.407399        0.234861        1.721543        0.041479        0.950000        2.648528
k(-1)                       0.015011        0.036282       -0.021271        0.960128       -0.005680        0.074258       -0.001618               0        0.114244
e                           1.838714        0.347055        1.491659        1.481473        0.247222        1.812150        0.043662        1.000000        2.787924


THEORETICAL MOMENTS (HP filter, lambda = 1600)
VARIABLE         MEAN  STD. DEV.   VARIANCE
y              1.2255     0.0168     0.0003
c              0.9473     0.0036     0.0000
i              0.2782     0.0137     0.0002
k             14.7394     0.0480     0.0023
n              0.3211     0.0023     0.0000
w              2.4806     0.0169     0.0003
r              0.0291     0.0004     0.0000
z              0.0000     0.0091     0.0001
yn             3.8162     0.0260     0.0007



MATRIX OF CORRELATIONS (HP filter, lambda = 1600)
Variables         y       c       i       k       n       w       r       z      yn
y            1.0000  0.8960  0.9931  0.3205  0.9867  0.9857  0.9725  0.9991  0.9857
c            0.8960  1.0000  0.8376  0.7078  0.8120  0.9580  0.7678  0.8761  0.9580
i            0.9931  0.8376  1.0000  0.2070  0.9990  0.9591  0.9931  0.9972  0.9591
k            0.3205  0.7078  0.2070  1.0000  0.1625  0.4756  0.0909  0.2796  0.4756
n            0.9867  0.8120  0.9990  0.1625  1.0000  0.9452  0.9974  0.9928  0.9452
w            0.9857  0.9580  0.9591  0.4756  0.9452  1.0000  0.9193  0.9776  1.0000
r            0.9725  0.7678  0.9931  0.0909  0.9974  0.9193  1.0000  0.9816  0.9193
z            0.9991  0.8761  0.9972  0.2796  0.9928  0.9776  0.9816  1.0000  0.9776
yn           0.9857  0.9580  0.9591  0.4756  0.9452  1.0000  0.9193  0.9776  1.0000



COEFFICIENTS OF AUTOCORRELATION (HP filter, lambda = 1600)
Order         1       2       3       4       5
y        0.7168  0.4767  0.2776  0.1164 -0.0103
c        0.8006  0.6096  0.4324  0.2728  0.1329
i        0.7093  0.4649  0.2638  0.1025 -0.0230
k        0.9595  0.8615  0.7261  0.5693  0.4045
n        0.7083  0.4633  0.2620  0.1006 -0.0247
w        0.7389  0.5117  0.3184  0.1576  0.0274
r        0.7089  0.4643  0.2631  0.1017 -0.0238
z        0.7133  0.4711  0.2711  0.1098 -0.0163
yn       0.7389  0.5117  0.3184  0.1576  0.0274


Relative standard deviations in %
VARIABLE    REL. S.D.
y              1.3701
c              0.3811
i              4.9065
k              0.3254
n              0.7077
w              0.6815
r              1.3953
z                 Inf
yn             0.6815
Total computing time : 0h00m01s

EIGENVALUES:
         Modulus             Real        Imaginary

            0.95             0.95                0
          0.9601           0.9601                0
           1.052            1.052                0
       6.642e+18        6.642e+18                0


There are 2 eigenvalue(s) larger than 1 in modulus 
for 2 forward-looking variable(s)

The rank condition is verified.


STEADY-STATE RESULTS:

z  		 0
k  		 14.7394
c  		 0.94725
n  		 0.321119
i  		 0.278215
y  		 1.22547
w  		 2.48055
r  		 0.0290997
yn 		 3.81624

MODEL SUMMARY

  Number of variables:         9
  Number of stochastic shocks: 1
  Number of state variables:   2
  Number of jumpers:           2
  Number of static variables:  5


MATRIX OF COVARIANCE OF EXOGENOUS SHOCKS
Variables           e
e            0.000049

POLICY AND TRANSITION FUNCTIONS
                                   y               c               i               k               n               w               r               z              yn
Constant                    1.225466        0.947250        0.278215       14.739436        0.321119        2.480554        0.029100               0        3.816236
z(-1)                       1.746778        0.329702        1.417076        1.407399        0.234861        1.721543        0.041479        0.950000        2.648528
k(-1)                       0.015011        0.036282       -0.021271        0.960128       -0.005680        0.074258       -0.001618               0        0.114244
e                           1.838714        0.347055        1.491659        1.481473        0.247222        1.812150        0.043662        1.000000        2.787924


THEORETICAL MOMENTS (HP filter, lambda = 1600)
VARIABLE         MEAN  STD. DEV.   VARIANCE
y              1.2255     0.0168     0.0003
c              0.9473     0.0036     0.0000
i              0.2782     0.0137     0.0002
k             14.7394     0.0480     0.0023
n              0.3211     0.0023     0.0000
w              2.4806     0.0169     0.0003
r              0.0291     0.0004     0.0000
z              0.0000     0.0091     0.0001
yn             3.8162     0.0260     0.0007



MATRIX OF CORRELATIONS (HP filter, lambda = 1600)
Variables         y       c       i       k       n       w       r       z      yn
y            1.0000  0.8960  0.9931  0.3205  0.9867  0.9857  0.9725  0.9991  0.9857
c            0.8960  1.0000  0.8376  0.7078  0.8120  0.9580  0.7678  0.8761  0.9580
i            0.9931  0.8376  1.0000  0.2070  0.9990  0.9591  0.9931  0.9972  0.9591
k            0.3205  0.7078  0.2070  1.0000  0.1625  0.4756  0.0909  0.2796  0.4756
n            0.9867  0.8120  0.9990  0.1625  1.0000  0.9452  0.9974  0.9928  0.9452
w            0.9857  0.9580  0.9591  0.4756  0.9452  1.0000  0.9193  0.9776  1.0000
r            0.9725  0.7678  0.9931  0.0909  0.9974  0.9193  1.0000  0.9816  0.9193
z            0.9991  0.8761  0.9972  0.2796  0.9928  0.9776  0.9816  1.0000  0.9776
yn           0.9857  0.9580  0.9591  0.4756  0.9452  1.0000  0.9193  0.9776  1.0000



COEFFICIENTS OF AUTOCORRELATION (HP filter, lambda = 1600)
Order         1       2       3       4       5
y        0.7168  0.4767  0.2776  0.1164 -0.0103
c        0.8006  0.6096  0.4324  0.2728  0.1329
i        0.7093  0.4649  0.2638  0.1025 -0.0230
k        0.9595  0.8615  0.7261  0.5693  0.4045
n        0.7083  0.4633  0.2620  0.1006 -0.0247
w        0.7389  0.5117  0.3184  0.1576  0.0274
r        0.7089  0.4643  0.2631  0.1017 -0.0238
z        0.7133  0.4711  0.2711  0.1098 -0.0163
yn       0.7389  0.5117  0.3184  0.1576  0.0274


Relative standard deviations in %
VARIABLE    REL. S.D.
y              1.3701
c              0.3811
i              4.9065
k              0.3254
n              0.7077
w              0.6815
r              1.3953
z                 Inf
yn             0.6815
Total computing time : 0h00m01s
