matriz=[0.005997831182270599	0.01114	-0.010338238039443
0.00453566243992996	0.01274	-0.001035586862999935
0.004700660486338895	0.01414	0.0007087044782654582
0.002362441871021116	0.010115	0.0005324008647469766
0.003182214179005891	0.008465000000000002	0.002476170838238813
0.002770687433599435	0.006565	0.003289220996867461
0.001132162872231241	0.005639999999999998	0.01095147410298363
0.003770058849214532	0.005790000000000001	0.01035720171390854
0.003042791776261916	0.005089999999999999	0.009798586601478066
0.0005711246631221485	0.003090000000000001	0.005869937896683204
0.001677179470191739	0.001489999999999998	0.007435937868225029
0.001876130053103551	0.001039999999999999	0.004176723349149669
0.0003493699397043894	0.00154	0.001049705738344605
0.004262811130454639	0.001889999999999999	0.003597589779367755
0.001597666426771907	0.00289	0.004429057839251904
0.003737454313993544	0.002465	0.01382113923494271
0.001959997089253061	0.00204	0.01114573610547785
0.004306538036725406	0.003289999999999999	0.01652015095586939
0.003366427998645116	0.005390000000000001	0.01414620095082004
0.004304561823536824	0.007264999999999999	0.02010205287082346
0.002847134161134104	0.009414999999999998	0.02157488582763134
0.003001883426358484	0.009065000000000002	0.02180511344760873
0.001854403310132573	0.007564999999999998	0.02238666033710956
0.004314715837930911	0.007065	0.01731241539137785
0.004925321417032006	0.007339999999999998	0.01468455031947218
0.005258486855207666	0.007315	0.01154854497442273
0.007050415583120674	0.006589999999999998	0.004229829475127026
0.003704459958057531	0.005314999999999999	-0.01226638216164187
0.006671804976020311	0.002815	-0.02422356028547988
0.001287928511408326	0.001639999999999999	-0.02447697751377825
0.003085319475932316	0.001139999999999999	-0.02765895767911258
0.001577097304415517	-0.001035000000000001	-0.03145354917390856
0.001038031913042357	-0.002710000000000001	-0.02767507545904178
0.000955351963095985	-0.003285000000000001	-0.02427068459223976
-1.138763828785038e-05	-0.004835000000000001	-0.02159334732621224
0.001264466680961069	-0.00486	-0.01909214504594709
0.0009653964192700045	-0.005160000000000001	-0.02466275206028728
0.0006733658353365226	-0.005135000000000001	-0.02546950514877919
-0.001797371174461885	-0.005035000000000001	-0.02771881761629112
0.0001195140514446153	-0.004885000000000001	-0.02227714259088127
-0.001231908846215053	-0.004410000000000001	-0.01979539066765297
-0.0008502562410194984	-0.002460000000000002	-0.01326259384276457
-0.0002538825524394895	-0.001185	-0.01434714159343654
-0.001364801046149228	0.0008900000000000001	-0.01090191526835374
0.000686027062498944	0.00209	-0.01466451798752885
0.0004108319705981664	0.00174	-0.01938964123777732
-0.001093598624132165	0.001115	-0.01837260568553101
-0.0007319312637222575	0.0008399999999999988	-0.0189281472775699
-0.000981446266206415	-3.500000000000031e-05	-0.01897240841272638
-0.001832153193882202	0.0001899999999999992	-0.009089535708285888
-0.001264152516611127	0.0003899999999999998	-0.007999613160233834
-0.001311418745511353	6.500000000000083e-05	-0.004876944818365609
-0.001940862223888523	0.0002900000000000003	-0.006573155371864314
-0.001382647725328807	0.0002649999999999996	0.001283314192321531
-0.003386364011354849	0.0002399999999999989	0.0064513498731491
-0.00203455257906758	0.0003650000000000008	0.00662830435674109
-0.001682563710015126	0.0002649999999999996	0.009118874635388411
-0.002100399685793513	6.500000000000083e-05	0.01093077149446466
-0.001752091342772819	-0.0003100000000000013	0.01658330034626112
-0.002164736383132277	-0.001785	0.02612468795315504
-0.003339094325114077	-0.001385000000000001	0.02660626402988485
-0.002972700598018618	-0.001235000000000002	0.02710300275878886
-0.002436820178493341	-0.0007350000000000013	0.03220329367202469
-0.002088849729570089	0.0002900000000000003	0.04245816765855649
-0.001189822808481353	0.00154	0.0265737770406928
-0.001420199739245028	0.002014999999999998	0.03823299891378837
-0.00109111207410623	0.002789999999999999	0.03134216027509029
-0.001680932682655571	0.002789999999999999	0.02970398299368909
-0.0004522483070949698	-0.0003350000000000002	0.01935569893721522
-0.001576935886610451	-0.003335000000000001	0.0184028214446901
-0.0009071795681685514	-0.004609999999999999	0.007948827133205271
-0.001123373572020979	-0.007860000000000001	0.003745200220907144
-0.002229400447883642	-0.008310000000000001	0.005214460336767549
-0.002606642194531778	-0.008335	0.003558302834081602
-0.002459734614887748	-0.008535000000000001	0.001106405371316996
-0.003185436377366367	-0.00931	-0.00609196023112795
-0.004410491412003394	-0.009760000000000001	-0.01351251545765163
-0.005981328284407981	-0.01006	-0.01252112674277277
-0.003739676408450173	-0.010335	-0.003953494171678062
-0.005130245503247009	-0.010385	-0.002794396942300513
-0.002913901701001286	-0.010385	-0.0009831374166229326
-0.001406829857143719	-0.00996	-0.001721293608762608
-0.003468956267185187	-0.008935	-0.001841682829984877
-0.001639165285550258	-0.00761	-0.001350332358665572
-0.001510370823949552	-0.006260000000000001	0.001805125349285404
-0.003044210017250481	-0.005385	-0.0009150509780049068
-0.004387729534061328	-0.004135	-0.0006439596779241678
-0.00110332917717843	-0.002935	-0.003248247063673756
-0.001470644368667819	-0.001460000000000001	0.002496459936816013
0.0004402992314689429	-0.0006350000000000001	-0.0006835054055476103
-0.0009160670314000714	-0.0001349999999999997	-0.008038986106466778
-0.002567682831371803	-0.0001349999999999997	-0.008719155692261199
-0.001866631265717738	8.99999999999998e-05	-0.01571681952335339
-0.002866474281394572	-0.0005350000000000008	-0.01378873985111918
-0.002567721655296723	-0.001660000000000002	-0.01389134309007838
-0.0006969646308103393	-0.004035000000000001	-0.01701840086767663];

pic_obs=matriz(:,1);
rnom_obs=matriz(:,2);
y_obs=matriz(:,3);