Starting Dynare (version 4.5.7).
Starting preprocessing of the model file ...
Found 38 equation(s).
Evaluating expressions...done
Computing static model derivatives:
 - order 1
Computing dynamic model derivatives:
 - order 1
 - order 2
Processing outputs ...
done
Preprocessing completed.




Residuals of the static equations:

Equation number 1 : 0
Equation number 2 : 0
Equation number 3 : 0
Equation number 4 : 0
Equation number 5 : 0
Equation number 6 : 0
Equation number 7 : 0
Equation number 8 : 0
Equation number 9 : 0
Equation number 10 : 0
Equation number 11 : 0
Equation number 12 : 0
Equation number 13 : 0
Equation number 14 : 0
Equation number 15 : 0
Equation number 16 : 0
Equation number 17 : 0
Equation number 18 : 0
Equation number 19 : 0
Equation number 20 : 0
Equation number 21 : 0
Equation number 22 : 0
Equation number 23 : 0
Equation number 24 : 0
Equation number 25 : 0
Equation number 26 : 0
Equation number 27 : 0
Equation number 28 : 0
Equation number 29 : 0
Equation number 30 : 0
Equation number 31 : 0
Equation number 32 : 0
Equation number 33 : 0
Equation number 34 : 0
Equation number 35 : 0
Equation number 36 : 0
Equation number 37 : 0
Equation number 38 : 0



STEADY-STATE RESULTS:

c        		 0
rnom     		 0
pic      		 0
lab      		 0
wr       		 0
y        		 0
mcr      		 0
a        		 0
g        		 0
z        		 0
inv      		 0
k        		 0
n        		 0
ce       		 0
rk       		 0
qr       		 0
sp       		 0
mrs      		 0
piw      		 0
yh       		 0
dh       		 0
chstar   		 0
m        		 0
x        		 0
prh      		 0
pri      		 0
prx      		 0
rer      		 0
dep      		 0
bf       		 0
prf      		 0
pif      		 0
pih      		 0
rnomstar 		 0
pistar   		 0
prcostar 		 0
yco      		 0
ystar    		 0

EIGENVALUES:
         Modulus             Real        Imaginary

               0                0                0
               0                0                0
               0                0                0
               0                0                0
        8.75e-18        -8.75e-18                0
       1.728e-16       -1.728e-16                0
       1.782e-16        1.782e-16                0
       6.853e-09       -6.853e-09                0
       6.853e-09        6.853e-09                0
          0.4528           0.4528                0
            0.55             0.55                0
          0.8136           0.7992           0.1526
          0.8136           0.7992          -0.1526
            0.85             0.85                0
          0.8815           0.8815                0
           0.936           0.9346          0.04992
           0.936           0.9346         -0.04992
            0.95             0.95                0
            0.95             0.95                0
            0.95             0.95                0
            0.97             0.97                0
            0.97             0.97                0
          0.9872           0.9872                0
           1.016            1.016                0
           1.083            1.082          0.05538
           1.083            1.082         -0.05538
           1.125            1.112           0.1671
           1.125            1.112          -0.1671
           1.151            1.151                0
           1.387            1.387                0
       1.459e+16       -1.459e+16                0


There are 8 eigenvalue(s) larger than 1 in modulus 
for 8 forward-looking variable(s)

The rank condition is verified.


MODEL SUMMARY

  Number of variables:         38
  Number of stochastic shocks: 8
  Number of state variables:   23
  Number of jumpers:           8
  Number of static variables:  12


MATRIX OF COVARIANCE OF EXOGENOUS SHOCKS
Variables            e_a         e_g         e_z  e_rnomstar    e_pistar  e_prcostar       e_yco     e_ystar
e_a             1.000000    0.000000    0.000000    0.000000    0.000000    0.000000    0.000000    0.000000
e_g             0.000000    1.000000    0.000000    0.000000    0.000000    0.000000    0.000000    0.000000
e_z             0.000000    0.000000    1.000000    0.000000    0.000000    0.000000    0.000000    0.000000
e_rnomstar      0.000000    0.000000    0.000000    1.000000    0.000000    0.000000    0.000000    0.000000
e_pistar        0.000000    0.000000    0.000000    0.000000    1.000000    0.000000    0.000000    0.000000
e_prcostar      0.000000    0.000000    0.000000    0.000000    0.000000    1.000000    0.000000    0.000000
e_yco           0.000000    0.000000    0.000000    0.000000    0.000000    0.000000    1.000000    0.000000
e_ystar         0.000000    0.000000    0.000000    0.000000    0.000000    0.000000    0.000000    1.000000

POLICY AND TRANSITION FUNCTIONS
                                   c            rnom             pic             lab              wr               y             mcr               a               g               z             inv               k               n              ce              rk              qr              sp             mrs             piw              yh              dh          chstar               m               x             prh             pri             prx             rer             dep              bf             prf             pif             pih        rnomstar          pistar        prcostar             yco           ystar
wr(-1)                     -0.352893        0.141602        0.112285       -0.369511        0.789206       -0.214612        0.663572               0               0               0       -0.025884       -0.000777               0               0       -0.209052       -0.236492               0       -0.722404       -0.098509       -0.243877       -0.276127       -0.295946       -0.155543       -0.197283        0.055756       -0.028723       -0.141571       -0.536136       -0.423851       -0.253111       -0.113202       -0.000917        0.168042               0               0               0               0               0
a(-1)                       0.637034       -0.232500       -0.189825       -0.719873        0.183066        0.417898       -1.011691        0.950000               0               0        0.028007        0.000840               0               0        0.355852        0.394810               0       -0.082839       -0.006759        0.474884        0.495712        0.667237        0.272584        0.444791       -0.102587        0.052848        0.342304        1.231886        1.042062        0.522583        0.208283        0.018459       -0.292412               0               0               0               0               0
g(-1)                      -0.093446        0.012703        0.003171        0.109457       -0.001290        0.063572        0.035926               0        0.950000               0        0.004462        0.000134               0               0       -0.019804       -0.025389               0        0.016011        0.001881        0.072241       -0.065217       -0.068812       -0.046704       -0.045871        0.004639       -0.002390       -0.041243       -0.132986       -0.129815       -0.065626       -0.009418       -0.006247        0.007810               0               0               0               0               0
k(-1)                       0.400766       -0.075197       -0.065735       -0.192766        0.073400        0.187241       -0.332141               0               0               0       -0.114214        0.966574               0               0       -0.263060       -0.225688               0        0.208000        0.007665        0.212774        0.267937        0.199627        0.154996        0.133075       -0.033685        0.017353        0.099420        0.365570        0.299835        0.202029        0.068391        0.002656       -0.099420               0               0               0               0               0
qr(-1)                             0               0               0               0               0               0               0               0               0               0               0               0               0               0       -1.000000               0               0               0               0               0               0               0               0               0               0               0               0               0               0               0               0               0               0               0               0               0               0               0
prh(-1)                    -0.721101        0.810117        0.577980       -0.783111       -0.583777       -0.454831       -0.850034               0               0               0       -0.005939       -0.000178               0               0       -0.765100       -0.738836               0       -1.504212       -0.005796       -0.516853       -0.643573       -0.500686       -0.152600       -0.333766        0.274849       -0.141589       -0.058993       -0.726524       -0.148544       -0.354807       -0.558026        0.019955       -0.147171               0               0               0               0               0
rer(-1)                            0               0               0               0               0               0               0               0               0               0               0               0               0               0               0               0               0               0               0               0               0               0               0               0               0               0               0               0       -1.000000               0               0               0               0               0               0               0               0               0
bf(-1)                     -0.029060       -0.000902       -0.000187       -0.008563       -0.002317       -0.004973       -0.005228               0               0               0       -0.007350       -0.000221               0               0       -0.005026       -0.004771               0       -0.037623       -0.002504       -0.005651       -0.020513        0.023733       -0.020113        0.015821       -0.001362        0.000702        0.014463        0.046105        0.045918        1.006105        0.002766        0.002579       -0.001549               0               0               0               0               0
prf(-1)                    -0.551036        0.509064        0.351956       -0.259923       -0.351376       -0.150963       -0.439749               0               0               0       -0.043829       -0.001315               0               0       -0.548674       -0.545941               0       -0.810959        0.000581       -0.171549       -0.219695       -0.152991       -0.600037       -0.101986       -0.296944        0.152971       -0.398954       -0.602926       -0.250970       -0.462764        0.602887       -0.045157        0.055012               0               0               0               0               0
rnomstar(-1)               -7.064433        0.095337        0.146295       -1.709438       -0.622528       -0.992841       -1.203736               0               0               0       -2.223912       -0.066717               0               0       -2.974674       -3.002724               0       -8.773870       -0.476233       -1.128229       -5.096734        6.908809       -5.003739        4.605524       -0.293180        0.151032        4.313389       13.524437       13.670732        1.559612        0.595244        0.741539       -0.146885        0.970000               0               0               0               0
pistar(-1)                  0.100025       -0.019749       -0.009470       -0.076363        0.013178       -0.044352       -0.012786               0               0               0        0.021188        0.000636               0               0        0.051547        0.056554               0        0.023662        0.003708       -0.050400        0.069671       -0.335845        0.067984       -0.223880        0.004863       -0.002505       -0.219068       -0.666827       -1.226297       -0.689143       -0.009873       -0.019343       -0.004607               0        0.550000               0               0               0
prcostar(-1)                0.073466        0.003331        0.001113        0.022890        0.005660        0.013294        0.013442               0               0               0        0.017122        0.000514               0               0        0.006852        0.005905               0        0.096355        0.006773        0.015107        0.051491       -0.056195        0.050465       -0.037460        0.003570       -0.001839        0.289484       -0.108819       -0.107707       -0.115382       -0.007249       -0.006136        0.004683               0               0        0.970000               0               0
yco(-1)                     0.005550        0.003584       -0.005904       -0.024925        0.008069        0.099524       -0.000405               0               0               0        0.005484        0.000165               0               0       -0.039405       -0.040389               0       -0.019374        0.002165       -0.016450        0.003998       -0.068996        0.006499        0.270721        0.001621       -0.000835       -0.044383       -0.136371       -0.142275       -0.147227       -0.003292       -0.009196       -0.004283               0               0               0        0.950000               0
ystar(-1)                  -0.049910        0.033640        0.009806        0.260755        0.000257        0.151447        0.088914               0               0               0        0.013498        0.000405               0               0       -0.042204       -0.055437               0        0.210845        0.010063        0.172098       -0.036911        0.711172       -0.013853        0.474079        0.010341       -0.005327       -0.082225       -0.267315       -0.257509       -0.492261       -0.020995       -0.011189        0.020147               0               0               0               0        0.850000
pic(-1)                    -0.352893        0.141602        0.112285       -0.369511        0.789206       -0.214612        0.663572               0               0               0       -0.025884       -0.000777               0               0       -0.209052       -0.236492               0       -0.722404        0.901491       -0.243877       -0.276127       -0.295946       -0.155543       -0.197283        0.055756       -0.028723       -0.141571       -0.536136       -0.423851       -0.253111       -0.113202       -0.000917        0.168042               0               0               0               0               0
inv(-1)                    -0.079500        0.012738        0.002662        0.120455       -0.002632        0.069960        0.038322               0               0               0        0.896659        0.026900               0               0       -0.115674       -0.125864               0        0.040955        0.000030        0.079500        0.128762        0.012491        0.261927        0.008327       -0.000090        0.000046        0.008238        0.024892        0.027553        0.169832        0.000183        0.002845        0.002572               0               0               0               0               0
pif(-1)                    -0.866009        0.409744        0.305408       -0.666224       -0.319119       -0.386943       -0.545635               0               0               0       -0.181811       -0.005454               0               0       -0.891057       -0.886942               0       -1.532233       -0.013711       -0.439708       -0.502304       -0.523940       -0.756796       -0.349267       -0.224132        0.115462       -0.573478       -1.272011       -0.966603       -0.756146        0.455056        0.760464        0.081276               0               0               0               0               0
pih(-1)                    -0.369222        0.359560        0.258611       -0.390588       -0.263703       -0.226854       -0.396503               0               0               0       -0.009879       -0.000296               0               0       -0.404579       -0.393681               0       -0.759811       -0.005091       -0.257788       -0.320230       -0.251377       -0.098412       -0.167572        0.121380       -0.062529       -0.046230       -0.381375       -0.122763       -0.192134       -0.246438        0.012173        0.379991               0               0               0               0               0
e_a                         0.469393       -0.171316       -0.139871       -0.530433        0.134891        0.307925       -0.745457        0.700000               0               0        0.020636        0.000619               0               0        0.262207        0.290913               0       -0.061040       -0.004980        0.349914        0.365261        0.491648        0.200851        0.327741       -0.075591        0.038941        0.252224        0.907706        0.767835        0.385061        0.153472        0.013601       -0.215461               0               0               0               0               0
e_g                        -0.147546        0.020057        0.005007        0.172826       -0.002036        0.100377        0.056725               0        1.500000               0        0.007045        0.000211               0               0       -0.031270       -0.040089               0        0.025280        0.002970        0.114065       -0.102974       -0.108651       -0.073743       -0.072428        0.007325       -0.003773       -0.065120       -0.209977       -0.204970       -0.103621       -0.014871       -0.009864        0.012331               0               0               0               0               0
e_z                        -0.222061        0.229852       -0.004504       -0.184462        0.002542       -0.107136       -0.060175               0               0        0.250000       -0.008546       -0.000256               0               0       -0.223180       -0.224980               0       -0.406524       -0.001962       -0.121745       -0.152616       -0.115722       -0.128050       -0.077142       -0.000319        0.000164       -0.077479       -0.231763       -0.236267       -0.141413        0.000648       -0.003856       -0.004823               0               0               0               0               0
e_rnomstar                 -1.813248        0.024804        0.037753       -0.438372       -0.159849       -0.254607       -0.308895               0               0               0       -0.571281       -0.017138               0               0       -0.765374       -0.772669               0       -2.251620       -0.122096       -0.289326       -1.308310        1.774510       -1.284445        1.182917       -0.075211        0.038745        1.107974        3.473809        3.511562        0.142915        0.152701        0.190454       -0.037458        0.250000               0               0               0               0
e_pistar                    0.022733       -0.004488       -0.002152       -0.017355        0.002995       -0.010080       -0.002906               0               0               0        0.004815        0.000144               0               0        0.011715        0.012853               0        0.005378        0.000843       -0.011454        0.015834       -0.076328        0.015451       -0.050882        0.001105       -0.000569       -0.049788       -0.151552       -0.278704       -0.156623       -0.002244       -0.004396       -0.001047               0        0.125000               0               0               0
e_prcostar                  0.984594        0.044641        0.014913        0.306768        0.075855        0.178171        0.180156               0               0               0        0.229475        0.006884               0               0        0.091831        0.079140               0        1.291361        0.090768        0.202467        0.690082       -0.753126        0.676339       -0.502046        0.047850       -0.024650        3.879679       -1.458403       -1.443490       -1.546354       -0.097151       -0.082238        0.062763               0               0       13.000000               0               0
e_yco                       0.023370        0.015092       -0.024859       -0.104946        0.033977        0.419047       -0.001705               0               0               0        0.023092        0.000693               0               0       -0.165917       -0.170061               0       -0.081576        0.009118       -0.069265        0.016833       -0.290511        0.027365        1.139876        0.006826       -0.003517       -0.186877       -0.574195       -0.599054       -0.619905       -0.013860       -0.038719       -0.018033               0               0               0        4.000000               0
e_ystar                    -0.058718        0.039576        0.011537        0.306771        0.000303        0.178172        0.104605               0               0               0        0.015881        0.000476               0               0       -0.049652       -0.065220               0        0.248053        0.011839        0.202469       -0.043425        0.836673       -0.016298        0.557740        0.012166       -0.006267       -0.096735       -0.314488       -0.302952       -0.579131       -0.024700       -0.013164        0.023702               0               0               0               0        1.000000


THEORETICAL MOMENTS
VARIABLE          MEAN   STD. DEV.    VARIANCE
c               0.0000     14.1264    199.5556
rnom            0.0000      1.7752      3.1515
pic             0.0000      1.4682      2.1557
lab             0.0000      3.3687     11.3483
wr              0.0000      9.9628     99.2582
y               0.0000      3.9078     15.2712
mcr             0.0000      6.5566     42.9884
a               0.0000      2.2418      5.0256
g               0.0000      4.8038     23.0769
z               0.0000      0.2500      0.0625
inv             0.0000     19.9972    399.8893
k               0.0000     13.1415    172.6994
n               0.0000      0.0000      0.0000
ce              0.0000      0.0000      0.0000
rk              0.0000      0.9718      0.9443
qr              0.0000      3.6907     13.6211
sp              0.0000      0.0000      0.0000
mrs             0.0000     14.0723    198.0288
piw             0.0000      1.5374      2.3636
yh              0.0000      4.0182     16.1460
dh              0.0000     10.3237    106.5782
chstar          0.0000     10.1436    102.8923
m               0.0000     19.6685    386.8503
x               0.0000      7.5056     56.3343
prh             0.0000      6.1780     38.1679
pri             0.0000      3.1826     10.1290
prx             0.0000     17.5444    307.8056
rer             0.0000     14.3454    205.7914
dep             0.0000      4.1209     16.9816
bf              0.0000    273.8316  74983.7356
prf             0.0000     12.5432    157.3329
pif             0.0000      1.6371      2.6800
pih             0.0000      1.6019      2.5660
rnomstar        0.0000      1.0284      1.0575
pistar          0.0000      0.1497      0.0224
prcostar        0.0000     53.4749   2859.5601
yco             0.0000     12.8103    164.1026
ystar           0.0000      1.8983      3.6036



VARIANCE DECOMPOSITION (in percent)
                   e_a         e_g         e_z  e_rnomstar    e_pistar  e_prcostar       e_yco     e_ystar
c                 1.16        0.06        0.03       41.45        0.00       54.60        2.39        0.32
rnom             11.31        0.05        1.68       67.20        0.01       15.75        3.76        0.24
pic              12.18        0.07        0.00       62.93        0.00       18.58        6.07        0.16
lab               9.23        2.54        0.30       47.98        0.01       35.39        1.37        3.20
wr                0.80        0.05        0.00       33.34        0.00       62.53        2.85        0.44
y                12.87        0.80        0.08       38.83        0.00       27.18       19.27        0.98
mcr              12.05        0.19        0.01       39.25        0.00       45.87        2.11        0.53
a               100.00        0.00        0.00        0.00        0.00        0.00        0.00        0.00
g                 0.00      100.00        0.00        0.00        0.00        0.00        0.00        0.00
z                 0.00        0.00      100.00        0.00        0.00        0.00        0.00        0.00
inv               0.41        0.04        0.00       62.38        0.00       35.20        1.69        0.27
k                 0.70        0.05        0.00       43.24        0.00       53.19        2.44        0.37
n                 0.23        0.00        0.00       76.87        0.00       22.33        0.56        0.00
ce                1.20        0.03        0.00       52.43        0.00       42.95        2.80        0.58
rk                8.75        0.25       11.00       73.41        0.02        2.23        3.77        0.59
qr                7.36        0.09        0.37       60.54        0.01       29.72        1.66        0.26
sp                 NaN         NaN         NaN         NaN         NaN         NaN         NaN         NaN
mrs               0.39        0.04        0.08       51.61        0.00       45.62        1.80        0.45
piw              11.63        0.07        0.00       63.46        0.00       19.64        4.99        0.21
yh               15.71        0.97        0.09       47.42        0.00       33.19        1.40        1.20
dh                2.53        0.07        0.02       49.08        0.00       46.06        1.98        0.26
chstar            6.99        0.18        0.01       43.49        0.01       44.63        2.48        2.21
m                 0.99        0.03        0.00       47.16        0.00       49.16        2.30        0.35
x                 5.68        0.15        0.01       35.29        0.01       36.22       20.85        1.79
prh               8.21        0.17        0.00       38.53        0.00       50.06        2.53        0.48
pri               8.21        0.17        0.00       38.53        0.00       50.06        2.53        0.48
prx               0.04        0.00        0.00        1.07        0.00       98.84        0.03        0.01
rer               6.48        0.19        0.03       48.47        0.02       41.80        2.52        0.49
dep               5.65        0.26        0.64       75.74        0.46       14.01        2.67        0.58
bf                1.33        0.03        0.00       59.67        0.00       35.91        2.52        0.54
prf               8.21        0.17        0.00       38.53        0.00       50.06        2.53        0.48
pif               8.07        0.11        0.00       64.82        0.01       20.56        6.24        0.19
pih              15.04        0.10        0.00       61.63        0.00       18.24        4.74        0.25
rnomstar          0.00        0.00        0.00      100.00        0.00        0.00        0.00        0.00
pistar            0.00        0.00        0.00        0.00      100.00        0.00        0.00        0.00
prcostar          0.00        0.00        0.00        0.00        0.00      100.00        0.00        0.00
yco               0.00        0.00        0.00        0.00        0.00        0.00      100.00        0.00
ystar             0.00        0.00        0.00        0.00        0.00        0.00        0.00      100.00



MATRIX OF CORRELATIONS
Variables           c      rnom       pic       lab        wr         y       mcr         a         g         z       inv         k        rk        qr       mrs       piw        yh        dh    chstar         m         x       prh       pri       prx       rer       dep        bf       prf       pif       pih  rnomstar    pistar  prcostar       yco     ystar
c              1.0000   -0.7774   -0.8114   -0.1353    0.9586    0.8413    0.8417    0.0731   -0.0201   -0.0157    0.8675    0.8457   -0.0380   -0.1602    0.9715   -0.6968    0.8900    0.9881   -0.8817    0.9567   -0.7424    0.8628   -0.8628    0.5616   -0.8771   -0.2972   -0.5262   -0.8628   -0.7825   -0.7162   -0.4902    0.0027    0.5887    0.0913    0.0068
rnom          -0.7774    1.0000    0.9857    0.1668   -0.7310   -0.8760   -0.4710   -0.3298    0.0029    0.1295   -0.7092   -0.7410    0.2362   -0.1077   -0.7404    0.9473   -0.9041   -0.8281    0.5124   -0.7151    0.3778   -0.5309    0.5309   -0.2281    0.4882    0.2026    0.0222    0.5309    0.7901    0.9507    0.7376   -0.0046   -0.2328   -0.1473    0.0298
pic           -0.8114    0.9857    1.0000    0.1843   -0.7684   -0.9248   -0.5034   -0.3439   -0.0173   -0.0031   -0.7343   -0.7657    0.2445   -0.0628   -0.7704    0.9515   -0.9293   -0.8592    0.5493   -0.7468    0.3734   -0.5627    0.5627   -0.2686    0.5334    0.2351    0.0772    0.5627    0.8168    0.9569    0.7126   -0.0032   -0.2774   -0.2135    0.0039
lab           -0.1353    0.1668    0.1843    1.0000   -0.3146   -0.1968    0.1604   -0.2785    0.1581   -0.0548    0.1248   -0.5189    0.1854    0.6852    0.1036    0.3677   -0.2034   -0.0899   -0.1346    0.0005   -0.1397    0.0402   -0.0402   -0.0141   -0.2189   -0.0357    0.2373   -0.0402   -0.1932    0.3494   -0.2969   -0.0045    0.0356   -0.0325    0.1733
wr             0.9586   -0.7310   -0.7684   -0.3146    1.0000    0.8076    0.8362    0.0263    0.0137    0.0003    0.8517    0.9205   -0.1509   -0.4019    0.8870   -0.7265    0.8512    0.9363   -0.8318    0.9407   -0.6954    0.8841   -0.8841    0.5477   -0.7996   -0.1995   -0.6074   -0.8841   -0.6268   -0.7356   -0.3403    0.0008    0.5493    0.0949    0.0149
y              0.8413   -0.8760   -0.9248   -0.1968    0.8076    1.0000    0.5625    0.3521    0.0886   -0.0274    0.7335    0.7592   -0.1263   -0.0770    0.7974   -0.8466    0.9195    0.8718   -0.6082    0.7716   -0.3049    0.6075   -0.6075    0.3843   -0.6225   -0.2945   -0.2673   -0.6075   -0.8097   -0.8576   -0.5322   -0.0022    0.4049    0.4271    0.0907
mcr            0.8417   -0.4710   -0.5034    0.1604    0.8362    0.5625    1.0000   -0.3415    0.0421   -0.0092    0.8855    0.6318   -0.0470   -0.2269    0.8833   -0.3878    0.5761    0.8085   -0.9564    0.9336   -0.8020    0.9817   -0.9817    0.5613   -0.9431   -0.1488   -0.6423   -0.9817   -0.5655   -0.4040   -0.3091    0.0004    0.5786    0.1047    0.0503
a              0.0731   -0.3298   -0.3439   -0.2785    0.0263    0.3521   -0.3415    1.0000    0.0000    0.0000   -0.0240   -0.0140   -0.0134    0.2630    0.0068   -0.3199    0.3891    0.1430    0.2497   -0.0532    0.2250   -0.2554    0.2554    0.0063    0.2432   -0.0802    0.0542    0.2554   -0.2106   -0.3645    0.0000    0.0000    0.0000    0.0000    0.0000
g             -0.0201    0.0029   -0.0173    0.1581    0.0137    0.0886    0.0421    0.0000    1.0000    0.0000    0.0170    0.0099    0.0228   -0.0231    0.0177   -0.0121    0.0979   -0.0240   -0.0418    0.0084   -0.0376    0.0363   -0.0363   -0.0033   -0.0434   -0.0137   -0.0097   -0.0363   -0.0294   -0.0088    0.0000    0.0000   -0.0000    0.0000    0.0000
z             -0.0157    0.1295   -0.0031   -0.0548    0.0003   -0.0274   -0.0092    0.0000    0.0000    1.0000   -0.0004   -0.0000   -0.2297   -0.0610   -0.0289   -0.0013   -0.0303   -0.0148   -0.0114   -0.0065   -0.0103   -0.0001    0.0001   -0.0044   -0.0162   -0.0573   -0.0005    0.0001   -0.0024   -0.0030    0.0000    0.0000    0.0000    0.0000    0.0000
inv            0.8675   -0.7092   -0.7343    0.1248    0.8517    0.7335    0.8855   -0.0240    0.0170   -0.0004    1.0000    0.6701   -0.1424   -0.1020    0.9007   -0.6345    0.7715    0.9006   -0.8698    0.9637   -0.7325    0.9124   -0.9124    0.5064   -0.8419   -0.1698   -0.4433   -0.9124   -0.6391   -0.6829   -0.5088    0.0008    0.5135    0.0898    0.0176
k              0.8457   -0.7410   -0.7657   -0.5189    0.9205    0.7592    0.6318   -0.0140    0.0099   -0.0000    0.6701    1.0000   -0.2134   -0.5087    0.7247   -0.8012    0.8164    0.8234   -0.6325    0.7757   -0.5401    0.6908   -0.6908    0.4021   -0.5982   -0.1973   -0.3871   -0.6908   -0.5255   -0.7830   -0.3930    0.0001    0.3966    0.0522    0.0046
rk            -0.0380    0.2362    0.2445    0.1854   -0.1509   -0.1263   -0.0470   -0.0134    0.0228   -0.2297   -0.1424   -0.2134    1.0000    0.1916    0.0062    0.3914   -0.1420   -0.0643   -0.0699   -0.0889   -0.0598   -0.0825    0.0825   -0.0235   -0.1396   -0.5148   -0.1001    0.0825    0.0557    0.3065    0.0484    0.0084    0.0334    0.0056    0.0197
qr            -0.1602   -0.1077   -0.0628    0.6852   -0.4019   -0.0770   -0.2269    0.2630   -0.0231   -0.0610   -0.1020   -0.5087    0.1916    1.0000    0.0032    0.1126   -0.0519   -0.0919    0.1327   -0.1860    0.0762   -0.2949    0.2949   -0.2848    0.0668   -0.1039    0.4981    0.2949   -0.3545    0.0925   -0.4836    0.0057   -0.2301   -0.0762   -0.0234
mrs            0.9715   -0.7404   -0.7704    0.1036    0.8870    0.7974    0.8833    0.0068    0.0177   -0.0289    0.9007    0.7247    0.0062    0.0032    1.0000   -0.6114    0.8448    0.9703   -0.9173    0.9605   -0.7787    0.8757   -0.8757    0.5604   -0.9329   -0.3069   -0.4714   -0.8757   -0.8318   -0.6353   -0.5631    0.0017    0.5995    0.0839    0.0483
piw           -0.6968    0.9473    0.9515    0.3677   -0.7265   -0.8466   -0.3878   -0.3199   -0.0121   -0.0013   -0.6345   -0.8012    0.3914    0.1126   -0.6114    1.0000   -0.8603   -0.7446    0.3954   -0.6381    0.2577   -0.4674    0.4674   -0.1742    0.3531    0.1603    0.0222    0.4674    0.6444    0.9773    0.6144   -0.0007   -0.1582   -0.1731    0.0182
yh             0.8900   -0.9041   -0.9293   -0.2034    0.8512    0.9195    0.5761    0.3891    0.0979   -0.0303    0.7715    0.8164   -0.1420   -0.0519    0.8448   -0.8603    1.0000    0.9268   -0.6147    0.8093   -0.5326    0.6239   -0.6239    0.4302   -0.6272   -0.2818   -0.2589   -0.6239   -0.7934   -0.8719   -0.5882   -0.0025    0.4475    0.0372    0.1002
dh             0.9881   -0.8281   -0.8592   -0.0899    0.9363    0.8718    0.8085    0.1430   -0.0240   -0.0148    0.9006    0.8234   -0.0643   -0.0919    0.9703   -0.7446    0.9268    1.0000   -0.8537    0.9546   -0.7211    0.8327   -0.8327    0.5330   -0.8495   -0.3037   -0.4465   -0.8327   -0.8065   -0.7694   -0.5630    0.0026    0.5601    0.0844    0.0027
chstar        -0.8817    0.5124    0.5493   -0.1346   -0.8318   -0.6082   -0.9564    0.2497   -0.0418   -0.0114   -0.8698   -0.6325   -0.0699    0.1327   -0.9173    0.3954   -0.6147   -0.8537    1.0000   -0.9319    0.8258   -0.9389    0.9389   -0.5501    0.9729    0.2637    0.6110    0.9389    0.6333    0.4326    0.3873   -0.0093   -0.5854   -0.1321    0.1397
m              0.9567   -0.7151   -0.7468    0.0005    0.9407    0.7716    0.9336   -0.0532    0.0084   -0.0065    0.9637    0.7757   -0.0889   -0.1860    0.9605   -0.6381    0.8093    0.9546   -0.9319    1.0000   -0.7827    0.9568   -0.9568    0.5699   -0.9106   -0.2142   -0.5589   -0.9568   -0.6916   -0.6735   -0.4578    0.0016    0.5841    0.0999    0.0182
x             -0.7424    0.3778    0.3734   -0.1397   -0.6954   -0.3049   -0.8020    0.2250   -0.0376   -0.0103   -0.7325   -0.5401   -0.0598    0.0762   -0.7787    0.2577   -0.5326   -0.7211    0.8258   -0.7827    1.0000   -0.7837    0.7837   -0.5027    0.7970    0.1805    0.5027    0.7837    0.4378    0.2904    0.3489   -0.0084   -0.5274    0.4500    0.1258
prh            0.8628   -0.5309   -0.5627    0.0402    0.8841    0.6075    0.9817   -0.2554    0.0363   -0.0001    0.9124    0.6908   -0.0825   -0.2949    0.8757   -0.4674    0.6239    0.8327   -0.9389    0.9568   -0.7837    1.0000   -1.0000    0.5737   -0.9055   -0.1208   -0.6603   -1.0000   -0.5268   -0.5046   -0.2850    0.0009    0.5765    0.1091    0.0320
pri           -0.8628    0.5309    0.5627   -0.0402   -0.8841   -0.6075   -0.9817    0.2554   -0.0363    0.0001   -0.9124   -0.6908    0.0825    0.2949   -0.8757    0.4674   -0.6239   -0.8327    0.9389   -0.9568    0.7837   -1.0000    1.0000   -0.5737    0.9055    0.1208    0.6603    1.0000    0.5268    0.5046    0.2850   -0.0009   -0.5765   -0.1091   -0.0320
prx            0.5616   -0.2281   -0.2686   -0.0141    0.5477    0.3843    0.5613    0.0063   -0.0033   -0.0044    0.5064    0.4021   -0.0235   -0.2848    0.5604   -0.1742    0.4302    0.5330   -0.5501    0.5699   -0.5027    0.5737   -0.5737    1.0000   -0.5289   -0.1009   -0.3586   -0.5737   -0.3264   -0.2031    0.0489   -0.0033    0.9935   -0.0125   -0.0070
rer           -0.8771    0.4882    0.5334   -0.2189   -0.7996   -0.6225   -0.9431    0.2432   -0.0434   -0.0162   -0.8419   -0.5982   -0.1396    0.0668   -0.9329    0.3531   -0.6272   -0.8495    0.9729   -0.9106    0.7970   -0.9055    0.9055   -0.5289    1.0000    0.3279    0.5860    0.9055    0.6776    0.3886    0.4249   -0.0128   -0.5796   -0.1398   -0.0534
dep           -0.2972    0.2026    0.2351   -0.0357   -0.1995   -0.2945   -0.1488   -0.0802   -0.0137   -0.0573   -0.1698   -0.1973   -0.5148   -0.1039   -0.3069    0.1603   -0.2818   -0.3037    0.2637   -0.2142    0.1805   -0.1208    0.1208   -0.1009    0.3279    1.0000    0.0404    0.1208    0.2653    0.1881    0.2983   -0.0575   -0.1594   -0.1004   -0.0265
bf            -0.5262    0.0222    0.0772    0.2373   -0.6074   -0.2673   -0.6423    0.0542   -0.0097   -0.0005   -0.4433   -0.3871   -0.1001    0.4981   -0.4714    0.0222   -0.2589   -0.4465    0.6110   -0.5589    0.5027   -0.6603    0.6603   -0.3586    0.5860    0.0404    1.0000    0.6603    0.1159    0.0473   -0.3871   -0.0015   -0.3575   -0.0839   -0.0238
prf           -0.8628    0.5309    0.5627   -0.0402   -0.8841   -0.6075   -0.9817    0.2554   -0.0363    0.0001   -0.9124   -0.6908    0.0825    0.2949   -0.8757    0.4674   -0.6239   -0.8327    0.9389   -0.9568    0.7837   -1.0000    1.0000   -0.5737    0.9055    0.1208    0.6603    1.0000    0.5268    0.5046    0.2850   -0.0009   -0.5765   -0.1091   -0.0320
pif           -0.7825    0.7901    0.8168   -0.1932   -0.6268   -0.8097   -0.5655   -0.2106   -0.0294   -0.0024   -0.6391   -0.5255    0.0557   -0.3545   -0.8318    0.6444   -0.7934   -0.8065    0.6333   -0.6916    0.4378   -0.5268    0.5268   -0.3264    0.6776    0.2653    0.1159    0.5268    1.0000    0.6140    0.7047   -0.0058   -0.3813   -0.2333   -0.0333
pih           -0.7162    0.9507    0.9569    0.3494   -0.7356   -0.8576   -0.4040   -0.3645   -0.0088   -0.0030   -0.6829   -0.7830    0.3065    0.0925   -0.6353    0.9773   -0.8719   -0.7694    0.4326   -0.6735    0.2904   -0.5046    0.5046   -0.2031    0.3886    0.1881    0.0473    0.5046    0.6140    1.0000    0.6202   -0.0014   -0.1876   -0.1746    0.0221
rnomstar      -0.4902    0.7376    0.7126   -0.2969   -0.3403   -0.5322   -0.3091    0.0000    0.0000    0.0000   -0.5088   -0.3930    0.0484   -0.4836   -0.5631    0.6144   -0.5882   -0.5630    0.3873   -0.4578    0.3489   -0.2850    0.2850    0.0489    0.4249    0.2983   -0.3871    0.2850    0.7047    0.6202    1.0000    0.0000   -0.0000    0.0000    0.0000
pistar         0.0027   -0.0046   -0.0032   -0.0045    0.0008   -0.0022    0.0004    0.0000    0.0000    0.0000    0.0008    0.0001    0.0084    0.0057    0.0017   -0.0007   -0.0025    0.0026   -0.0093    0.0016   -0.0084    0.0009   -0.0009   -0.0033   -0.0128   -0.0575   -0.0015   -0.0009   -0.0058   -0.0014    0.0000    1.0000    0.0000    0.0000    0.0000
