Starting Dynare (version 4.5.7).
Starting preprocessing of the model file ...
Found 38 equation(s).
Evaluating expressions...done
Computing static model derivatives:
 - order 1
Computing dynamic model derivatives:
 - order 1
 - order 2
Processing outputs ...
done
Preprocessing completed.




Residuals of the static equations:

Equation number 1 : 0
Equation number 2 : 0
Equation number 3 : 0
Equation number 4 : 0
Equation number 5 : 0
Equation number 6 : 0
Equation number 7 : 0
Equation number 8 : 0
Equation number 9 : 0
Equation number 10 : 0
Equation number 11 : 0
Equation number 12 : 0
Equation number 13 : 0
Equation number 14 : 0
Equation number 15 : 0
Equation number 16 : 0
Equation number 17 : 0
Equation number 18 : 0
Equation number 19 : 0
Equation number 20 : 0
Equation number 21 : 0
Equation number 22 : 0
Equation number 23 : 0
Equation number 24 : 0
Equation number 25 : 0
Equation number 26 : 0
Equation number 27 : 0
Equation number 28 : 0
Equation number 29 : 0
Equation number 30 : 0
Equation number 31 : 0
Equation number 32 : 0
Equation number 33 : 0
Equation number 34 : 0
Equation number 35 : 0
Equation number 36 : 0
Equation number 37 : 0
Equation number 38 : 0



STEADY-STATE RESULTS:

c        		 0
rnom     		 0
pic      		 0
lab      		 0
wr       		 0
y        		 0
mcr      		 0
a        		 0
g        		 0
z        		 0
inv      		 0
k        		 0
n        		 0
ce       		 0
rk       		 0
qr       		 0
sp       		 0
mrs      		 0
piw      		 0
yh       		 0
dh       		 0
chstar   		 0
m        		 0
x        		 0
prh      		 0
pri      		 0
prx      		 0
rer      		 0
dep      		 0
bf       		 0
prf      		 0
pif      		 0
pih      		 0
rnomstar 		 0
pistar   		 0
prcostar 		 0
yco      		 0
ystar    		 0

EIGENVALUES:
         Modulus             Real        Imaginary

               0                0                0
               0               -0                0
       3.419e-17       -3.419e-17                0
       3.456e-17       -3.456e-17                0
       5.791e-17       -5.791e-17                0
       9.608e-17        9.608e-17                0
       8.407e-09       -1.585e-16        8.407e-09
       8.407e-09       -1.585e-16       -8.407e-09
          0.4505           0.4505                0
            0.55             0.55                0
          0.8151           0.8005           0.1538
          0.8151           0.8005          -0.1538
            0.85             0.85                0
          0.8813           0.8813                0
           0.928           0.9261          0.06039
           0.928           0.9261         -0.06039
            0.95             0.95                0
            0.95             0.95                0
            0.95             0.95                0
            0.97             0.97                0
            0.97             0.97                0
          0.9782           0.9782                0
          0.9861           0.9861                0
           1.018            1.018                0
           1.103            1.101          0.06913
           1.103            1.101         -0.06913
            1.13            1.117           0.1688
            1.13            1.117          -0.1688
           1.153            1.153                0
           1.387            1.387                0
       7.313e+17        7.313e+17                0


There are 8 eigenvalue(s) larger than 1 in modulus 
for 8 forward-looking variable(s)

The rank condition is verified.


MODEL SUMMARY

  Number of variables:         38
  Number of stochastic shocks: 8
  Number of state variables:   23
  Number of jumpers:           8
  Number of static variables:  12


MATRIX OF COVARIANCE OF EXOGENOUS SHOCKS
Variables            e_a         e_g         e_z  e_rnomstar    e_pistar  e_prcostar       e_yco     e_ystar
e_a             1.000000    0.000000    0.000000    0.000000    0.000000    0.000000    0.000000    0.000000
e_g             0.000000    1.000000    0.000000    0.000000    0.000000    0.000000    0.000000    0.000000
e_z             0.000000    0.000000    1.000000    0.000000    0.000000    0.000000    0.000000    0.000000
e_rnomstar      0.000000    0.000000    0.000000    1.000000    0.000000    0.000000    0.000000    0.000000
e_pistar        0.000000    0.000000    0.000000    0.000000    1.000000    0.000000    0.000000    0.000000
e_prcostar      0.000000    0.000000    0.000000    0.000000    0.000000    1.000000    0.000000    0.000000
e_yco           0.000000    0.000000    0.000000    0.000000    0.000000    0.000000    1.000000    0.000000
e_ystar         0.000000    0.000000    0.000000    0.000000    0.000000    0.000000    0.000000    1.000000

POLICY AND TRANSITION FUNCTIONS
                                   c            rnom             pic             lab              wr               y             mcr               a               g               z             inv               k               n              ce              rk              qr              sp             mrs             piw              yh              dh          chstar               m               x             prh             pri             prx             rer             dep              bf             prf             pif             pih        rnomstar          pistar        prcostar             yco           ystar
rnom(-1)                    0.621091        0.006156        0.004320       -0.004460        0.025414       -0.002590        0.023898               0               0               0       -0.251537       -0.007546       -2.575790       -2.575790       -0.790055       -0.825449        0.098753        0.616631        0.029734       -0.002943        0.066728       -0.155419        0.026196       -0.103605        0.010632       -0.005477       -0.092996       -0.300207       -0.295887       -0.066182       -0.021587       -0.017267        0.014952               0               0               0               0               0
wr(-1)                     -0.355413        0.138028        0.111087       -0.393972        0.789254       -0.228819        0.655303               0               0               0       -0.018515       -0.000555       -0.290329       -0.290329       -0.200708       -0.226718        0.003573       -0.749385       -0.099660       -0.260022       -0.309416       -0.283005       -0.183224       -0.188656        0.054709       -0.028183       -0.133990       -0.511302       -0.400215       -0.263491       -0.111076        0.000011        0.165796               0               0               0               0               0
a(-1)                       0.637261       -0.226431       -0.187837       -0.677348        0.183272        0.442596       -0.997027        0.950000               0               0        0.022445        0.000673        0.536196        0.536196        0.362016        0.399378       -0.007714       -0.040087       -0.004565        0.502950        0.555755        0.640035        0.324086        0.426657       -0.100530        0.051788        0.326224        1.179539        0.991702        0.540234        0.204106        0.016269       -0.288367               0               0               0               0               0
g(-1)                      -0.107669        0.011521        0.002722        0.102441       -0.001937        0.059498        0.032893               0        0.950000               0        0.007637        0.000229       -0.023803       -0.023803       -0.013262       -0.018227        0.000329       -0.005227        0.000785        0.067611       -0.076685       -0.060937       -0.056428       -0.040622        0.004062       -0.002093       -0.036568       -0.117812       -0.115089       -0.067505       -0.008248       -0.005526        0.006785               0               0               0               0               0
k(-1)                       1.077253       -0.068417       -0.061293       -0.191136        0.100878        0.188188       -0.304108               0               0               0       -0.433863        0.956984       -2.646485       -2.646485       -1.292596       -1.301426        0.130442        0.886118        0.039584        0.213851        0.349637        0.026498        0.183316        0.017664       -0.021915        0.011290       -0.004248        0.031080       -0.030213        0.127768        0.044495       -0.016798       -0.083209               0               0               0               0               0
n(-1)                      -0.621091       -0.006156       -0.004320        0.004460       -0.025414        0.002590       -0.023898               0               0               0        0.251537        0.007546        2.575790        2.575790        0.790055        0.825449       -0.098753       -0.616631       -0.029734        0.002943       -0.066728        0.155419       -0.026196        0.103605       -0.010632        0.005477        0.092996        0.300207        0.295887        0.066182        0.021587        0.017267       -0.014952               0               0               0               0               0
qr(-1)                      1.242181        0.012311        0.008639       -0.008919        0.050828       -0.005180        0.047795               0               0               0       -0.503075       -0.015092       -5.151580       -5.151580       -2.580110       -1.650898        0.197506        1.233262        0.059467       -0.005887        0.133455       -0.310839        0.052391       -0.207210        0.021264       -0.010954       -0.185993       -0.600413       -0.591774       -0.132364       -0.043173       -0.034534        0.029904               0               0               0               0               0
sp(-1)                      0.621091        0.006156        0.004320       -0.004460        0.025414       -0.002590        0.023898               0               0               0       -0.251537       -0.007546       -2.575790       -2.575790       -0.790055       -0.825449        0.098753        0.616631        0.029734       -0.002943        0.066728       -0.155419        0.026196       -0.103605        0.010632       -0.005477       -0.092996       -0.300207       -0.295887       -0.066182       -0.021587       -0.017267        0.014952               0               0               0               0               0
prh(-1)                    -0.573759        0.805299        0.578221       -0.854437       -0.577379       -0.496257       -0.867888               0               0               0       -0.063144       -0.001894       -1.305898       -1.305898       -0.942060       -0.920686        0.021720       -1.428197        0.000842       -0.563929       -0.707553       -0.534667       -0.212506       -0.356418        0.276942       -0.142667       -0.079556       -0.792392       -0.214171       -0.410173       -0.562277        0.015944       -0.144837               0               0               0               0               0
rer(-1)                            0               0               0               0               0               0               0               0               0               0               0               0               0               0               0               0               0               0               0               0               0               0               0               0               0               0               0               0       -1.000000               0               0               0               0               0               0               0               0               0
bf(-1)                     -0.028837       -0.001040       -0.000230       -0.009568       -0.002347       -0.005557       -0.005600               0               0               0       -0.007642       -0.000229       -0.015466       -0.015466       -0.007618       -0.007430        0.000442       -0.038405       -0.002577       -0.006315       -0.022172        0.024895       -0.021639        0.016595       -0.001438        0.000741        0.015161        0.048352        0.048122        1.005770        0.002920        0.002690       -0.001668               0               0               0               0               0
prf(-1)                    -0.430199        0.504867        0.351715       -0.312748       -0.345908       -0.181644       -0.452243               0               0               0       -0.088849       -0.002665       -1.025344       -1.025344       -0.688530       -0.689833        0.018860       -0.742947        0.005807       -0.206414       -0.266387       -0.179659       -0.644320       -0.119763       -0.295413        0.152182       -0.415203       -0.654730       -0.303015       -0.504515        0.599777       -0.048508        0.056303               0               0               0               0               0
rnomstar(-1)               -6.480634        0.040598        0.130187       -2.130613       -0.606176       -1.237460       -1.330584               0               0               0       -2.406187       -0.072186       -8.268942       -8.268942       -4.199564       -4.263403        0.222878       -8.611247       -0.475989       -1.406205       -5.685590        7.165609       -5.546482        4.776712       -0.310858        0.160139        4.466937       14.020360       14.150547        1.357795        0.631137        0.761323       -0.180672        0.970000               0               0               0               0
pistar(-1)                  0.085157       -0.019102       -0.009317       -0.070608        0.012560       -0.041009       -0.011446               0               0               0        0.026062        0.000782        0.131567        0.131567        0.070442        0.076049       -0.003102        0.014549        0.003244       -0.046601        0.075810       -0.335220        0.073886       -0.223463        0.004850       -0.002499       -0.218664       -0.665590       -1.224907       -0.685133       -0.009848       -0.019165       -0.004467               0        0.550000               0               0               0
prcostar(-1)                0.074671        0.003608        0.001203        0.024840        0.005814        0.014427        0.014260               0               0               0        0.017486        0.000525        0.024037        0.024037        0.011417        0.010578       -0.000733        0.099511        0.007017        0.016395        0.055063       -0.059216        0.053751       -0.039474        0.003765       -0.001940        0.287664       -0.114667       -0.113464       -0.114939       -0.007644       -0.006442        0.004968               0               0        0.970000               0               0
yco(-1)                     0.038075        0.003658       -0.005750       -0.027093        0.009530        0.098264        0.000318               0               0               0       -0.005890       -0.000177       -0.151800       -0.151800       -0.073025       -0.075446        0.004317        0.010981        0.003780       -0.017882        0.005873       -0.078310        0.006907        0.264512        0.002223       -0.001145       -0.049991       -0.154396       -0.160146       -0.151918       -0.004513       -0.010263       -0.003527               0               0               0        0.950000               0
ystar(-1)                  -0.054749        0.032549        0.009442        0.253236        0.000261        0.147080        0.086361               0               0               0        0.016905        0.000507       -0.057115       -0.057115       -0.033278       -0.045794        0.000670        0.198487        0.009703        0.167136       -0.046023        0.712721       -0.021058        0.475112        0.010149       -0.005228       -0.081384       -0.264409       -0.254966       -0.495930       -0.020605       -0.011162        0.019591               0               0               0               0        0.850000
pic(-1)                    -0.355413        0.138028        0.111087       -0.393972        0.789254       -0.228819        0.655303               0               0               0       -0.018515       -0.000555       -0.290329       -0.290329       -0.200708       -0.226718        0.003573       -0.749385        0.900340       -0.260022       -0.309416       -0.283005       -0.183224       -0.188656        0.054709       -0.028183       -0.133990       -0.511302       -0.400215       -0.263491       -0.111076        0.000011        0.165796               0               0               0               0               0
inv(-1)                     0.032595        0.013063        0.003126        0.115339        0.001840        0.066989        0.041055               0               0               0        0.846933        0.025408       -0.515311       -0.515311       -0.259219       -0.275645        0.015020        0.147934        0.004966        0.076124        0.134235       -0.011755        0.260077       -0.007836        0.001542       -0.000795       -0.006295       -0.021967       -0.018841        0.155808       -0.003132       -0.000006        0.004668               0               0               0               0               0
pif(-1)                    -0.501209        0.403946        0.304811       -0.733762       -0.302918       -0.426169       -0.552397               0               0               0       -0.304548       -0.009136       -2.262550       -2.262550       -1.283681       -1.294460        0.054338       -1.234971        0.001894       -0.484283       -0.543892       -0.597283       -0.806396       -0.398158       -0.219743        0.113201       -0.617991       -1.414308       -1.109496       -0.825996        0.446144        0.750955        0.085069               0               0               0               0               0
pih(-1)                    -0.254873        0.357305        0.258790       -0.425359       -0.258753       -0.247049       -0.403375               0               0               0       -0.053505       -0.001605       -0.818318       -0.818318       -0.538554       -0.532202        0.016121       -0.680233        0.000038       -0.280737       -0.347094       -0.277317       -0.125957       -0.184864        0.122990       -0.063359       -0.061916       -0.431644       -0.172854       -0.223068       -0.249708        0.009083        0.381781               0               0               0               0               0
e_a                         0.469561       -0.166844       -0.138406       -0.499099        0.135042        0.326123       -0.734651        0.700000               0               0        0.016539        0.000496        0.395092        0.395092        0.266749        0.294279       -0.005684       -0.029538       -0.003364        0.370595        0.409503        0.471604        0.238800        0.314379       -0.074075        0.038160        0.240376        0.869134        0.730728        0.398067        0.150394        0.011988       -0.212481               0               0               0               0               0
e_g                        -0.170003        0.018190        0.004298        0.161750       -0.003058        0.093944        0.051937               0        1.500000               0        0.012059        0.000362       -0.037583       -0.037583       -0.020941       -0.028780        0.000519       -0.008253        0.001240        0.106755       -0.121082       -0.096216       -0.089096       -0.064139        0.006414       -0.003304       -0.057740       -0.186018       -0.181720       -0.106587       -0.013023       -0.008725        0.010713               0               0               0               0               0
e_z                        -0.079281        0.229230       -0.003838       -0.206790        0.008541       -0.120104       -0.061768               0               0        0.250000       -0.065238       -0.001957       -0.804701       -0.804701       -0.400431       -0.409255        0.022296       -0.286071        0.004703       -0.136481       -0.161593       -0.150312       -0.142162       -0.100200        0.001955       -0.001007       -0.098268       -0.298669       -0.302507       -0.168568       -0.003970       -0.007808       -0.001883               0               0               0               0               0
e_rnomstar                 -1.662842        0.010731        0.033612       -0.546664       -0.155627       -0.317502       -0.341492               0               0               0       -0.618184       -0.018546       -2.127189       -2.127189       -1.080401       -1.096902        0.057329       -2.209505       -0.122014       -0.360798       -1.459650        1.840397       -1.423934        1.226838       -0.079748        0.041082        1.147369        3.601046        3.634658        0.090987        0.161912        0.195525       -0.046135        0.250000               0               0               0               0
e_pistar                    0.019354       -0.004341       -0.002117       -0.016047        0.002855       -0.009320       -0.002601               0               0               0        0.005923        0.000178        0.029902        0.029902        0.016010        0.017284       -0.000705        0.003307        0.000737       -0.010591        0.017230       -0.076186        0.016792       -0.050787        0.001102       -0.000568       -0.049696       -0.151270       -0.278388       -0.155712       -0.002238       -0.004356       -0.001015               0        0.125000               0               0               0
e_prcostar                  1.000743        0.048350        0.016120        0.332914        0.077916        0.193356        0.191107               0               0               0        0.234355        0.007031        0.322150        0.322150        0.153015        0.141763       -0.009823        1.333657        0.094036        0.219723        0.737964       -0.793618        0.720370       -0.529039        0.050461       -0.025995        3.855291       -1.536776       -1.520655       -1.540421       -0.102451       -0.086331        0.066581               0               0       13.000000               0               0
e_yco                       0.160315        0.015403       -0.024210       -0.114077        0.040125        0.413744        0.001338               0               0               0       -0.024801       -0.000744       -0.639160       -0.639160       -0.307475       -0.317666        0.018175        0.046238        0.015914       -0.075291        0.024728       -0.329724        0.029082        1.113735        0.009360       -0.004822       -0.210490       -0.650089       -0.674299       -0.639655       -0.019003       -0.043214       -0.014850               0               0               0        4.000000               0
e_ystar                    -0.064411        0.038292        0.011109        0.297925        0.000307        0.173035        0.101601               0               0               0        0.019888        0.000597       -0.067194       -0.067194       -0.039151       -0.053875        0.000788        0.233514        0.011415        0.196631       -0.054145        0.838496       -0.024775        0.558955        0.011939       -0.006151       -0.095746       -0.311069       -0.299960       -0.583447       -0.024241       -0.013132        0.023048               0               0               0               0        1.000000


THEORETICAL MOMENTS
VARIABLE          MEAN   STD. DEV.    VARIANCE
c               0.0000     13.9362    194.2189
rnom            0.0000      1.7330      3.0034
pic             0.0000      1.4339      2.0559
lab             0.0000      3.4417     11.8453
wr              0.0000     10.0720    101.4459
y               0.0000      3.7988     14.4308
mcr             0.0000      7.0033     49.0458
a               0.0000      2.2418      5.0256
g               0.0000      4.8038     23.0769
z               0.0000      0.2500      0.0625
inv             0.0000     18.2492    333.0326
k               0.0000     11.8206    139.7259
n               0.0000     10.7545    115.6597
ce              0.0000     10.7545    115.6597
rk              0.0000      1.3206      1.7441
qr              0.0000      4.3941     19.3077
sp              0.0000      0.2186      0.0478
mrs             0.0000     14.2735    203.7332
piw             0.0000      1.5037      2.2611
yh              0.0000      3.9705     15.7651
dh              0.0000     10.6220    112.8270
chstar          0.0000     10.8552    117.8353
m               0.0000     20.2747    411.0621
x               0.0000      7.7668     60.3227
prh             0.0000      6.6499     44.2208
pri             0.0000      3.4257     11.7354
prx             0.0000     17.5314    307.3501
rer             0.0000     15.3097    234.3867
dep             0.0000      4.2516     18.0761
bf              0.0000    280.5920  78731.8948
prf             0.0000     13.5013    182.2839
pif             0.0000      1.6356      2.6753
pih             0.0000      1.5670      2.4556
rnomstar        0.0000      1.0284      1.0575
pistar          0.0000      0.1497      0.0224
prcostar        0.0000     53.4749   2859.5601
yco             0.0000     12.8103    164.1026
ystar           0.0000      1.8983      3.6036



VARIANCE DECOMPOSITION (in percent)
                   e_a         e_g         e_z  e_rnomstar    e_pistar  e_prcostar       e_yco     e_ystar
c                 1.10        0.10        0.34       39.00        0.00       55.00        4.19        0.27
rnom             11.42        0.07        1.81       66.95        0.01       15.89        3.61        0.25
pic              12.42        0.12        0.10       63.40        0.00       18.37        5.41        0.18
lab               7.90        2.55        0.71       55.38        0.00       28.60        1.87        2.97
wr                0.64        0.01        0.24       31.97        0.00       62.30        4.44        0.39
y                13.63        1.02        0.58       41.83        0.00       25.91       15.95        1.06
mcr               9.75        0.10        0.57       36.48        0.00       48.10        4.55        0.45
a               100.00        0.00        0.00        0.00        0.00        0.00        0.00        0.00
g                 0.00      100.00        0.00        0.00        0.00        0.00        0.00        0.00
z                 0.00        0.00      100.00        0.00        0.00        0.00        0.00        0.00
inv               0.55        0.10        0.35       63.15        0.00       34.39        1.14        0.31
k                 0.93        0.11        0.25       42.18        0.00       54.06        2.04        0.41
n                 1.40        0.29        5.15       63.28        0.01       26.61        2.95        0.31
ce                1.40        0.29        5.15       63.28        0.01       26.61        2.95        0.31
rk                4.83        0.09       13.13       73.44        0.02        1.75        6.49        0.25
qr                4.59        0.02        1.92       62.00        0.01       27.27        4.02        0.17
sp                0.44        0.29       15.60       57.26        0.01       12.23       14.10        0.07
mrs               0.33        0.01        0.23       50.24        0.00       45.90        2.89        0.41
piw              11.73        0.11        0.10       63.99        0.00       19.59        4.25        0.22
yh               16.11        1.21        0.69       49.45        0.00       30.63        0.65        1.25
dh                2.57        0.08        0.11       50.35        0.00       44.81        1.83        0.26
chstar            5.44        0.09        0.55       40.45        0.01       46.64        4.89        1.93
m                 0.83        0.02        0.15       46.09        0.00       49.44        3.14        0.33
x                 4.72        0.08        0.47       35.12        0.01       40.48       17.44        1.67
prh               6.35        0.08        0.61       35.39        0.00       51.90        5.26        0.40
pri               6.35        0.08        0.61       35.39        0.00       51.90        5.26        0.40
prx               0.04        0.00        0.00        1.14        0.00       98.76        0.04        0.01
rer               5.06        0.10        0.52       45.36        0.01       43.78        4.74        0.42
dep               4.93        0.19        0.81       75.84        0.43       14.31        2.96        0.53
bf                1.13        0.01        0.27       56.48        0.00       37.45        4.15        0.49
prf               6.35        0.08        0.61       35.39        0.00       51.90        5.26        0.40
pif               7.85        0.11        0.12       64.67        0.01       20.65        6.39        0.20
pih              15.22        0.14        0.10       62.18        0.00       18.18        3.91        0.26
rnomstar          0.00        0.00        0.00      100.00        0.00        0.00        0.00        0.00
pistar            0.00        0.00        0.00        0.00      100.00        0.00        0.00        0.00
prcostar          0.00        0.00        0.00        0.00        0.00      100.00        0.00        0.00
yco               0.00        0.00        0.00        0.00        0.00        0.00      100.00        0.00
ystar             0.00        0.00        0.00        0.00        0.00        0.00        0.00      100.00



MATRIX OF CORRELATIONS
Variables           c      rnom       pic       lab        wr         y       mcr         a         g         z       inv         k         n        ce        rk        qr        sp       mrs       piw        yh        dh    chstar         m         x       prh       pri       prx       rer       dep        bf       prf       pif       pih  rnomstar    pistar  prcostar       yco     ystar
c              1.0000   -0.7635   -0.8026   -0.0243    0.9608    0.8520    0.8787    0.0795   -0.0303   -0.0057    0.8641    0.8406    0.8151    0.8151    0.0214   -0.1890    0.0879    0.9705   -0.6843    0.8664    0.9810   -0.9116    0.9662   -0.7745    0.8955   -0.8955    0.5749   -0.9051   -0.2791   -0.5588   -0.8955   -0.7692   -0.7007   -0.4603    0.0023    0.6018    0.1362    0.0052
rnom          -0.7635    1.0000    0.9858    0.0458   -0.7250   -0.8850   -0.5111   -0.3308   -0.0005    0.1323   -0.6972   -0.7388   -0.8067   -0.8067    0.1476   -0.0375   -0.0575   -0.7344    0.9499   -0.8978   -0.8241    0.5434   -0.7231    0.4258   -0.5672    0.5672   -0.2298    0.5170    0.1771    0.0419    0.5672    0.7678    0.9515    0.7309   -0.0045   -0.2329   -0.1463    0.0293
pic           -0.8026    0.9858    1.0000    0.0488   -0.7595   -0.9302   -0.5459   -0.3463   -0.0220   -0.0027   -0.7219   -0.7557   -0.8053   -0.8053    0.1645   -0.0081   -0.0799   -0.7719    0.9478   -0.9214   -0.8563    0.5849   -0.7556    0.4325   -0.5995    0.5995   -0.2670    0.5683    0.2150    0.0933    0.5995    0.8043    0.9522    0.7149   -0.0032   -0.2761   -0.2046    0.0030
lab           -0.0243    0.0458    0.0488    1.0000   -0.2145   -0.0222    0.1792   -0.2633    0.1597   -0.0601    0.2599   -0.3874    0.1539    0.1539    0.0802    0.7400   -0.7731    0.2174    0.2547    0.0066    0.0666   -0.1677    0.0967   -0.1946    0.0602   -0.0602    0.0171   -0.2536   -0.0838    0.2452   -0.0602   -0.3430    0.2429   -0.4052   -0.0037    0.0745   -0.0698    0.1690
wr             0.9608   -0.7250   -0.7595   -0.2145    1.0000    0.7936    0.8723    0.0302    0.0082    0.0008    0.8340    0.9182    0.7440    0.7440   -0.0661   -0.4163    0.2652    0.8864   -0.7166    0.8122    0.9205   -0.8645    0.9440   -0.7422    0.9148   -0.9148    0.5506   -0.8322   -0.1852   -0.6351   -0.9148   -0.6121   -0.7225   -0.3243    0.0007    0.5522    0.1151    0.0144
y              0.8520   -0.8850   -0.9302   -0.0222    0.7936    1.0000    0.6120    0.3615    0.0977   -0.0316    0.7269    0.7266    0.7425    0.7425   -0.0468   -0.0510    0.0984    0.8266   -0.8279    0.9145    0.8789   -0.6588    0.7870   -0.3980    0.6454   -0.6454    0.3735   -0.6771   -0.2902   -0.2697   -0.6454   -0.8382   -0.8395   -0.5706   -0.0019    0.4007    0.3926    0.0934
mcr            0.8787   -0.5111   -0.5459    0.1792    0.8723    0.6120    1.0000   -0.3088    0.0301   -0.0088    0.8909    0.6893    0.6490    0.6490   -0.0232   -0.2432    0.0258    0.9012   -0.4342    0.6044    0.8323   -0.9611    0.9458   -0.8193    0.9832   -0.9832    0.5665   -0.9474   -0.1536   -0.6504   -0.9832   -0.5917   -0.4414   -0.3139    0.0004    0.5838    0.1386    0.0463
a              0.0795   -0.3308   -0.3463   -0.2633    0.0302    0.3615   -0.3088    1.0000    0.0000    0.0000   -0.0369   -0.0217    0.0607    0.0607   -0.0056    0.2088    0.0021    0.0142   -0.3201    0.3930    0.1437    0.2225   -0.0465    0.2073   -0.2270    0.2270    0.0058    0.2169   -0.0778    0.0532    0.2270   -0.2099   -0.3651    0.0000    0.0000    0.0000    0.0000    0.0000
g             -0.0303   -0.0005   -0.0220    0.1597    0.0082    0.0977    0.0301    0.0000    1.0000    0.0000    0.0261    0.0154    0.0256    0.0256    0.0144   -0.0062   -0.0312    0.0090   -0.0182    0.1062   -0.0233   -0.0295    0.0051   -0.0275    0.0244   -0.0244   -0.0029   -0.0312   -0.0130   -0.0082   -0.0244   -0.0294   -0.0149    0.0000    0.0000    0.0000    0.0000    0.0000
z             -0.0057    0.1323   -0.0027   -0.0601    0.0008   -0.0316   -0.0088    0.0000    0.0000    1.0000   -0.0036   -0.0002   -0.0748   -0.0748   -0.3032   -0.0931    0.1020   -0.0200    0.0031   -0.0344   -0.0152   -0.0138   -0.0070   -0.0129    0.0003   -0.0003   -0.0056   -0.0195   -0.0712   -0.0006   -0.0003   -0.0048   -0.0012    0.0000    0.0000    0.0000    0.0000    0.0000
inv            0.8641   -0.6972   -0.7219    0.2599    0.8340    0.7269    0.8909   -0.0369    0.0261   -0.0036    1.0000    0.6612    0.7445    0.7445   -0.1100   -0.0688   -0.1280    0.9064   -0.6085    0.7695    0.8956   -0.8729    0.9550   -0.7873    0.9056   -0.9056    0.5010   -0.8498   -0.1567   -0.4503   -0.9056   -0.6501   -0.6516   -0.5049    0.0011    0.5108    0.0473    0.0212
k              0.8406   -0.7388   -0.7557   -0.3874    0.9182    0.7266    0.6893   -0.0217    0.0154   -0.0002    0.6612    1.0000    0.7567    0.7567   -0.1010   -0.5083    0.3756    0.7273   -0.7912    0.7777    0.8134   -0.6852    0.7929   -0.6230    0.7436   -0.7436    0.4058   -0.6500   -0.1793   -0.4249   -0.7436   -0.5012   -0.7744   -0.3957    0.0001    0.4003    0.0279    0.0056
n              0.8151   -0.8067   -0.8053    0.1539    0.7440    0.7425    0.6490    0.0607    0.0256   -0.0748    0.7445    0.7567    1.0000    1.0000    0.0116    0.1547   -0.2929    0.8330   -0.6989    0.8759    0.8822   -0.7016    0.7914   -0.7395    0.6459   -0.6459    0.2822   -0.7155   -0.2896   -0.2089   -0.6459   -0.7724   -0.7027   -0.7332    0.0047    0.3218   -0.1561    0.0047
ce             0.8151   -0.8067   -0.8053    0.1539    0.7440    0.7425    0.6490    0.0607    0.0256   -0.0748    0.7445    0.7567    1.0000    1.0000    0.0116    0.1547   -0.2929    0.8330   -0.6989    0.8759    0.8822   -0.7016    0.7914   -0.7395    0.6459   -0.6459    0.2822   -0.7155   -0.2896   -0.2089   -0.6459   -0.7724   -0.7027   -0.7332    0.0047    0.3218   -0.1561    0.0047
rk             0.0214    0.1476    0.1645    0.0802   -0.0661   -0.0468   -0.0232   -0.0056    0.0144   -0.3032   -0.1100   -0.1010    0.0116    0.0116    1.0000    0.1584   -0.1614    0.0402    0.2753   -0.0574   -0.0002   -0.0797   -0.0407   -0.0661   -0.0516    0.0516   -0.0054   -0.1397   -0.5928   -0.0946    0.0516    0.0289    0.2098    0.0136    0.0085    0.0475    0.0148    0.0169
qr            -0.1890   -0.0375   -0.0081    0.7400   -0.4163   -0.0510   -0.2432    0.2088   -0.0062   -0.0931   -0.0688   -0.5083    0.1547    0.1547    0.1584    1.0000   -0.8496   -0.0062    0.1811    0.0142   -0.0630    0.1540   -0.1845    0.0565   -0.3228    0.3228   -0.2797    0.0812   -0.1211    0.4668    0.3228   -0.3372    0.1622   -0.4453    0.0064   -0.2180   -0.1583   -0.0121
sp             0.0879   -0.0575   -0.0799   -0.7731    0.2652    0.0984    0.0258    0.0021   -0.0312    0.1020   -0.1280    0.3756   -0.2929   -0.2929   -0.1614   -0.8496    1.0000   -0.1006   -0.2695   -0.0429   -0.0389    0.0319    0.0132    0.2170    0.1102   -0.1102    0.1381    0.0955    0.1198   -0.1879   -0.1102    0.2336   -0.2292    0.3244   -0.0055    0.0811    0.3406   -0.0096
mrs            0.9705   -0.7344   -0.7719    0.2174    0.8864    0.8266    0.9012    0.0142    0.0090   -0.0200    0.9064    0.7273    0.8330    0.8330    0.0402   -0.0062   -0.1006    1.0000   -0.6067    0.8475    0.9739   -0.9305    0.9667   -0.8031    0.8889   -0.8889    0.5654   -0.9448   -0.2927   -0.4865   -0.8889   -0.8337   -0.6256   -0.5472    0.0014    0.6055    0.1162    0.0458
piw           -0.6843    0.9499    0.9478    0.2547   -0.7166   -0.8279   -0.4342   -0.3201   -0.0182    0.0031   -0.6085   -0.7912   -0.6989   -0.6989    0.2753    0.1811   -0.2695   -0.6067    1.0000   -0.8312   -0.7293    0.4357   -0.6425    0.3198   -0.5105    0.5105   -0.1699    0.3918    0.1377    0.0418    0.5105    0.6164    0.9775    0.6166   -0.0008   -0.1524   -0.1565    0.0173
yh             0.8664   -0.8978   -0.9214    0.0066    0.8122    0.9145    0.6044    0.3930    0.1062   -0.0344    0.7695    0.7777    0.8759    0.8759   -0.0574    0.0142   -0.0429    0.8475   -0.8312    1.0000    0.9247   -0.6431    0.8103   -0.6064    0.6385   -0.6385    0.4123   -0.6599   -0.2714   -0.2513   -0.6385   -0.8063   -0.8437   -0.6203   -0.0021    0.4356   -0.0131    0.1015
dh             0.9810   -0.8241   -0.8563    0.0666    0.9205    0.8789    0.8323    0.1437   -0.0233   -0.0152    0.8956    0.8134    0.8822    0.8822   -0.0002   -0.0630   -0.0389    0.9739   -0.7293    0.9247    1.0000   -0.8752    0.9570   -0.7769    0.8463   -0.8463    0.5224   -0.8742   -0.2947   -0.4505   -0.8463   -0.8155   -0.7502   -0.5744    0.0028    0.5535    0.0701    0.0024
chstar        -0.9116    0.5434    0.5849   -0.1677   -0.8645   -0.6588   -0.9611    0.2225   -0.0295   -0.0138   -0.8729   -0.6852   -0.7016   -0.7016   -0.0797    0.1540    0.0319   -0.9305    0.4357   -0.6431   -0.8752    1.0000   -0.9436    0.8402   -0.9438    0.9438   -0.5542    0.9757    0.2638    0.6201    0.9438    0.6544    0.4624    0.3860   -0.0087   -0.5896   -0.1663    0.1310
m              0.9662   -0.7231   -0.7556    0.0967    0.9440    0.7870    0.9458   -0.0465    0.0051   -0.0070    0.9550    0.7929    0.7914    0.7914   -0.0407   -0.1845    0.0132    0.9667   -0.6425    0.8103    0.9570   -0.9436    1.0000   -0.8226    0.9617   -0.9617    0.5659   -0.9248   -0.2088   -0.5678   -0.9617   -0.7030   -0.6705   -0.4579    0.0017    0.5821    0.1030    0.0177
x             -0.7745    0.4258    0.4325   -0.1946   -0.7422   -0.3980   -0.8193    0.2073   -0.0275   -0.0129   -0.7873   -0.6230   -0.7395   -0.7395   -0.0661    0.0565    0.2170   -0.8031    0.3198   -0.6064   -0.7769    0.8402   -0.8226    1.0000   -0.8003    0.8003   -0.5241    0.8136    0.1907    0.5254    0.8003    0.4785    0.3446    0.3596   -0.0081   -0.5493    0.3949    0.1221
prh            0.8955   -0.5672   -0.5995    0.0602    0.9148    0.6454    0.9832   -0.2270    0.0244    0.0003    0.9056    0.7436    0.6459    0.6459   -0.0516   -0.3228    0.1102    0.8889   -0.5105    0.6385    0.8463   -0.9438    0.9617   -0.8003    1.0000   -1.0000    0.5761   -0.9113   -0.1250   -0.6663   -1.0000   -0.5473   -0.5374   -0.2873    0.0008    0.5787    0.1437    0.0293
