Starting Dynare (version 4.5.7).
Starting preprocessing of the model file ...
Found 11 equation(s).
Evaluating expressions...done
Computing static model derivatives:
 - order 1
Computing dynamic model derivatives:
 - order 1
 - order 2
Processing outputs ...
done
Preprocessing completed.

STEADY-STATE RESULTS:

X      		 0
MC     		 0
PI     		 0
INT    		 0
YN     		 0
RN     		 0
Y      		 0
A      		 0
XI_C   		 0
XI_PI  		 0
XI_INT 		 0

EIGENVALUES:
         Modulus             Real        Imaginary

          0.7102           0.7102                0
            0.85             0.85                0
            0.85             0.85                0
            0.85             0.85                0
             0.9              0.9                0
           1.129            1.104            0.235
           1.129            1.104           -0.235
       2.218e+16        2.218e+16                0
       6.826e+16        6.826e+16                0


There are 4 eigenvalue(s) larger than 1 in modulus 
for 4 forward-looking variable(s)

The rank condition is verified.


MODEL SUMMARY

  Number of variables:         11
  Number of stochastic shocks: 4
  Number of state variables:   5
  Number of jumpers:           4
  Number of static variables:  3


MATRIX OF COVARIANCE OF EXOGENOUS SHOCKS
Variables       EPS_A     EPS_C    EPS_PI   EPS_INT
EPS_A        1.000000  0.000000  0.000000  0.000000
EPS_C        0.000000  1.000000  0.000000  0.000000
EPS_PI       0.000000  0.000000  1.000000  0.000000
EPS_INT      0.000000  0.000000  0.000000  1.000000

POLICY AND TRANSITION FUNCTIONS
                                   X              MC              PI             INT              YN              RN               Y               A            XI_C           XI_PI          XI_INT
MC(-1)                     -0.632536        0.710239        0.204814        0.512035               0               0       -0.632536               0               0               0               0
A(-1)                      -0.332562       -0.009768       -0.026957       -0.067392        0.600000       -0.120000        0.267438        0.900000               0               0               0
XI_PI(-1)                  -5.890798       -1.767239        2.206647        5.516619               0               0       -5.890798               0               0        0.850000               0
XI_INT(-1)                 -0.550700       -0.165210       -0.308863        0.077841               0               0       -0.550700               0               0               0        0.850000
XI_C(-1)                    0.082605        0.024782        0.046330        0.115824               0        0.127500        0.082605               0        0.850000               0               0
EPS_A                       0.333305       -0.800009       -0.257523       -0.643807        0.666667       -0.133333        0.999971        1.000000               0               0               0
EPS_C                       0.097182        0.029155        0.054505        0.136263               0        0.150000        0.097182               0        1.000000               0               0
EPS_PI                     -6.930350       -2.079105        2.596056        6.490140               0               0       -6.930350               0               0        1.000000               0
EPS_INT                    -0.647883       -0.194365       -0.363369        0.091578               0               0       -0.647883               0               0               0        1.000000


THEORETICAL MOMENTS
VARIABLE         MEAN  STD. DEV.   VARIANCE
X              0.0000     9.1693    84.0758
MC             0.0000    11.3885   129.6978
PI             0.0000     3.6673    13.4494
INT            0.0000     8.9206    79.5768
YN             0.0000     1.5294     2.3392
RN             0.0000     0.4179     0.1746
Y              0.0000     9.3027    86.5394
A              0.0000     2.2942     5.2632
XI_C           0.0000     1.8983     3.6036
XI_PI          0.0000     1.8983     3.6036
XI_INT         0.0000     1.8983     3.6036



VARIANCE DECOMPOSITION (in percent)
            EPS_A    EPS_C   EPS_PI  EPS_INT
X            0.30     0.02    98.82     0.86
MC           1.05     0.02    98.08     0.86
PI           1.14     0.12    93.19     5.55
INT          1.20     0.13    98.44     0.23
YN         100.00     0.00     0.00     0.00
RN          53.57    46.43     0.00     0.00
Y            3.14     0.02    96.01     0.84
A          100.00     0.00     0.00     0.00
XI_C         0.00   100.00     0.00     0.00
XI_PI        0.00     0.00   100.00     0.00
XI_INT       0.00     0.00     0.00   100.00



MATRIX OF CORRELATIONS
Variables         X      MC      PI     INT      YN      RN       Y       A    XI_C   XI_PI  XI_INT
X            1.0000  0.5065 -0.9409 -0.9840  0.0044  0.0049  0.9864  0.0044  0.0119 -0.8508 -0.0795
MC           0.5065  1.0000 -0.5362 -0.5685 -0.0898  0.0741  0.4845 -0.0898  0.0123 -0.8745 -0.0818
PI          -0.9409 -0.5362  1.0000  0.9783 -0.0972  0.0949 -0.9434 -0.0972  0.0348  0.8710 -0.2323
INT         -0.9840 -0.5685  0.9783  1.0000 -0.0999  0.0975 -0.9863 -0.0999  0.0358  0.8952 -0.0259
YN           0.0044 -0.0898 -0.0972 -0.0999  1.0000 -0.7319  0.1688  1.0000  0.0000  0.0000  0.0000
RN           0.0049  0.0741  0.0949  0.0975 -0.7319  1.0000 -0.1155 -0.7319  0.6814  0.0000  0.0000
Y            0.9864  0.4845 -0.9434 -0.9863  0.1688 -0.1155  1.0000  0.1688  0.0118 -0.8386 -0.0784
A            0.0044 -0.0898 -0.0972 -0.0999  1.0000 -0.7319  0.1688  1.0000  0.0000  0.0000  0.0000
XI_C         0.0119  0.0123  0.0348  0.0358  0.0000  0.6814  0.0118  0.0000  1.0000  0.0000  0.0000
XI_PI       -0.8508 -0.8745  0.8710  0.8952  0.0000  0.0000 -0.8386  0.0000  0.0000  1.0000  0.0000
XI_INT      -0.0795 -0.0818 -0.2323 -0.0259  0.0000  0.0000 -0.0784  0.0000  0.0000  0.0000  1.0000



COEFFICIENTS OF AUTOCORRELATION
Order          1       2       3       4       5
X         0.6486  0.4082  0.2454  0.1364  0.0647
MC        0.9703  0.9102  0.8344  0.7524  0.6702
PI        0.6935  0.4783  0.3276  0.2224  0.1493
INT       0.6815  0.4596  0.3057  0.1995  0.1268
YN        0.9000  0.8100  0.7290  0.6561  0.5905
RN        0.8768  0.7694  0.6757  0.5938  0.5223
Y         0.6530  0.4153  0.2539  0.1455  0.0738
A         0.9000  0.8100  0.7290  0.6561  0.5905
XI_C      0.8500  0.7225  0.6141  0.5220  0.4437
XI_PI     0.8500  0.7225  0.6141  0.5220  0.4437
XI_INT    0.8500  0.7225  0.6141  0.5220  0.4437
Total computing time : 0h00m00s
