Starting Dynare (version 4.5.7).
Starting preprocessing of the model file ...
Found 40 equation(s).
Evaluating expressions...done
Computing static model derivatives:
 - order 1
Computing dynamic model derivatives:
 - order 1
 - order 2
Processing outputs ...
done
Preprocessing completed.




Residuals of the static equations:

Equation number 1 : 0
Equation number 2 : 0
Equation number 3 : 0
Equation number 4 : 0
Equation number 5 : 0
Equation number 6 : 0
Equation number 7 : 0
Equation number 8 : 0
Equation number 9 : 0
Equation number 10 : 0
Equation number 11 : 0
Equation number 12 : 0
Equation number 13 : 0
Equation number 14 : 0
Equation number 15 : 0
Equation number 16 : 0
Equation number 17 : 0
Equation number 18 : 0
Equation number 19 : 0
Equation number 20 : 0
Equation number 21 : 0
Equation number 22 : 0
Equation number 23 : 0
Equation number 24 : 0
Equation number 25 : 0
Equation number 26 : 0
Equation number 27 : 0
Equation number 28 : 0
Equation number 29 : 0
Equation number 30 : 0
Equation number 31 : 0
Equation number 32 : 0
Equation number 33 : 0
Equation number 34 : 0
Equation number 35 : 0
Equation number 36 : 0
Equation number 37 : 0
Equation number 38 : 0
Equation number 39 : 0
Equation number 40 : 0



STEADY-STATE RESULTS:

c          		 0
ch         		 0
cf         		 0
prh        		 0
rer        		 0
rnom       		 0
pic        		 0
pih        		 0
lab        		 0
rw         		 0
y          		 0
mchr       		 0
a          		 0
g          		 0
z          		 0
cstar      		 0
varphi     		 0
gammaH     		 0
dep        		 0
bstar      		 0
chstar     		 0
istar      		 0
pistar     		 0
tb         		 0
y_gap      		 0
c_nat      		 0
ch_nat     		 0
cf_nat     		 0
prh_nat    		 0
rer_nat    		 0
rnom_nat   		 0
pic_nat    		 0
lab_nat    		 0
rw_nat     		 0
y_nat      		 0
mchr_nat   		 0
dep_nat    		 0
bstar_nat  		 0
chstar_nat 		 0
tb_nat     		 0

EIGENVALUES:
         Modulus             Real        Imaginary

               0                0                0
       8.671e-17       -8.671e-17                0
       1.326e-16       -1.326e-16                0
          0.6249           0.6249                0
             0.7              0.7                0
             0.8              0.8                0
            0.85             0.85                0
            0.85             0.85                0
             0.9              0.9                0
             0.9              0.9                0
            0.95             0.95                0
          0.9949           0.9949                0
          0.9949           0.9949                0
            1.01             1.01                0
            1.01             1.01                0
           1.081            1.081                0
           1.365            1.365                0
       4.839e+16        4.839e+16                0
       1.097e+17       -1.097e+17                0
       8.515e+17        8.515e+17                0
       1.302e+18       -1.302e+18                0


There are 8 eigenvalue(s) larger than 1 in modulus 
for 8 forward-looking variable(s)

The rank condition is verified.


MODEL SUMMARY

  Number of variables:         40
  Number of stochastic shocks: 8
  Number of state variables:   13
  Number of jumpers:           8
  Number of static variables:  22


MATRIX OF COVARIANCE OF EXOGENOUS SHOCKS
Variables         e_a       e_g       e_z   e_cstar   e_istar  e_pistar  e_varphi  e_gammaH
e_a          0.490000  0.000000  0.000000  0.000000  0.000000  0.000000  0.000000  0.000000
e_g          0.000000  0.250000  0.000000  0.000000  0.000000  0.000000  0.000000  0.000000
e_z          0.000000  0.000000  0.000000  0.000000  0.000000  0.000000  0.000000  0.000000
e_cstar      0.000000  0.000000  0.000000  1.000000  0.000000  0.000000  0.000000  0.000000
e_istar      0.000000  0.000000  0.000000  0.000000  0.062500  0.000000  0.000000  0.000000
e_pistar     0.000000  0.000000  0.000000  0.000000  0.000000  0.062500  0.000000  0.000000
e_varphi     0.000000  0.000000  0.000000  0.000000  0.000000  0.000000  0.000000  0.000000
e_gammaH     0.000000  0.000000  0.000000  0.000000  0.000000  0.000000  0.000000  0.000000

POLICY AND TRANSITION FUNCTIONS
                                   c              ch              cf             prh             rer            rnom             pic             pih             lab              rw               y            mchr               a               g               z           cstar          varphi          gammaH             dep           bstar          chstar           istar          pistar              tb           y_gap           c_nat          ch_nat          cf_nat         prh_nat         rer_nat        rnom_nat         pic_nat         lab_nat          rw_nat           y_nat        mchr_nat         dep_nat       bstar_nat      chstar_nat          tb_nat
rnom(-1)                   -1.899187       -2.386771       -0.761493        0.975167       -2.275389        0.377013       -2.102164       -1.126997       -2.158323       -4.057510       -2.158323       -4.057510               0               0               0               0               0               0       -4.377553       -0.716031       -1.625278               0               0        0.716031       -2.158323               0               0               0               0               0               0               0               0               0               0               0               0               0               0               0
a(-1)                       0.137839        0.250339       -0.124663       -0.225001        0.525003       -0.005087       -0.022607       -0.247608       -0.612262       -0.474423        0.287738       -1.374423        0.900000               0               0               0               0               0        0.502396        0.075102        0.375002               0               0       -0.075102       -0.492868        0.572523        0.795958        0.051173       -0.446871        1.042699       -0.103146        0.446871       -0.119394        0.453129        0.780606       -0.446871        1.489570        0.238787        0.744785       -0.238787
g(-1)                       0.578023        0.549663        0.644197        0.056720       -0.132347        0.021360        0.094935        0.151655        0.356404        0.934428        0.356404        0.934428               0        0.800000               0               0               0               0       -0.037412        0.164899       -0.094533               0               0       -0.164899        0.376038        0.242146        0.130890        0.501744        0.222512       -0.519196        0.155875       -0.222512       -0.019633        0.222512       -0.019633        0.222512       -0.741708        0.039267       -0.370854       -0.039267
z(-1)                      -4.082546       -5.187152       -1.505131        2.209213       -5.154830       -0.522641       -5.433960       -3.224747       -4.735613       -8.818159       -4.735613       -8.818159               0               0        0.700000               0               0               0      -10.588790       -1.556146       -3.682021               0               0        1.556146       -4.735613               0               0               0               0               0               0               0               0               0               0               0               0               0               0               0
cstar(-1)                   0.121901        0.075278        0.230687        0.093245       -0.217572       -0.007755       -0.034468        0.058777        0.261072        0.382973        0.261072        0.382973               0               0               0        0.850000               0               0       -0.252041       -0.232417        0.694591               0               0        0.232417        0.124206        0.011990       -0.062438        0.185656        0.148856       -0.347331        0.021913       -0.148856        0.136866        0.148856        0.136866        0.148856       -0.496186       -0.273731        0.601907        0.273731
varphi(-1)                 -1.966066       -1.248437       -3.640533       -1.435258        3.348936        0.329295        1.463535        0.028277       -0.156277       -2.122342       -0.156277       -2.122342               0               0               0               0        0.850000               0        4.812470       -0.374531        2.392097               0               0        0.374531       -0.293142       -1.688010       -0.912438       -3.497678       -1.551144        3.619336        0.021913        1.551144        0.136866       -1.551144        0.136866       -1.551144        5.170480       -0.273731        2.585240        0.273731
bstar(-1)                  -0.089599       -0.067936       -0.140147       -0.043326        0.101095        0.006302        0.028011       -0.015316       -0.025892       -0.115491       -0.025892       -0.115491               0               0               0               0               0               0        0.129106        0.984644        0.072211               0               0        0.020381       -0.025892               0               0               0               0               0               0               0               0               0               0               0               0               0               0               0
istar(-1)                  -6.406698       -4.422019      -11.037615       -3.969357        9.261834        0.817515        3.633402       -0.335955       -1.110734       -7.517432       -1.110734       -7.517432               0               0               0               0               0               0       12.895236       -1.326606        6.615596        0.950000               0        1.326606       -1.517989       -5.022809       -2.715032      -10.407622       -4.615554       10.769627        0.024478        4.615554        0.407255       -4.615554        0.407255       -4.615554       15.385181       -0.814510        7.692591        0.814510
bstar_nat(-1)                      0               0               0               0               0               0               0               0               0               0               0               0               0               0               0               0               0               0               0               0               0               0               0               0       -0.005052       -0.062307       -0.033679       -0.129104       -0.057255        0.133595        0.000026        0.057255        0.005052       -0.057255        0.005052       -0.057255        0.190850        0.994921        0.095425        0.010104
rer(-1)                     0.215454        0.270768        0.086388       -0.110628        0.258132       -0.042770       -0.190091        0.127853        0.244852        0.460306        0.244852        0.460306               0               0               0               0               0               0       -0.931958        0.081230        0.184380               0               0       -0.081230        0.244852               0               0               0               0               0               0               0               0               0               0               0               0               0               0               0
pistar(-1)                  2.823064        1.854708        5.082562        1.936713       -4.518996       -0.430610       -1.913823        0.022890        0.329939        3.153003        0.329939        3.153003               0               0               0               0               0               0       -7.332819        0.556412       -3.227854               0        0.900000       -0.556412        0.519564        2.338713        1.264169        4.845981        2.149087       -5.014537       -0.020878       -2.149087       -0.189625        2.149087       -0.189625        2.149087       -8.063624        0.379251       -3.581812       -0.379251
rer_nat(-1)                        0               0               0               0               0               0               0               0               0               0               0               0               0               0               0               0               0               0               0               0               0               0               0               0               0               0               0               0               0               0               0       -0.428571               0               0               0               0       -1.428571               0               0               0
e_a                         0.153154        0.278155       -0.138514       -0.250002        0.583337       -0.005652       -0.025119       -0.275120       -0.680291       -0.527137        0.319709       -1.527137        1.000000               0               0               0               0               0        0.558218        0.083446        0.416669               0               0       -0.083446       -0.547631        0.636136        0.884398        0.056859       -0.496523        1.158554       -0.114606        0.496523       -0.132660        0.503477        0.867340       -0.496523        1.655078        0.265319        0.827539       -0.265319
e_g                         0.722529        0.687079        0.805246        0.070900       -0.165433        0.026700        0.118669        0.189569        0.445505        1.168035        0.445505        1.168035               0        1.000000               0               0               0               0       -0.046765        0.206124       -0.118167               0               0       -0.206124        0.470047        0.302682        0.163612        0.627180        0.278140       -0.648994        0.194844       -0.278140       -0.024542        0.278140       -0.024542        0.278140       -0.927135        0.049084       -0.463567       -0.049084
e_z                        -5.832208       -7.410218       -2.150187        3.156018       -7.364043       -0.746630       -7.762800       -4.606782       -6.765161      -12.597370       -6.765161      -12.597370               0               0        1.000000               0               0               0      -15.126843       -2.223065       -5.260030               0               0        2.223065       -6.765161               0               0               0               0               0               0               0               0               0               0               0               0               0               0               0
e_cstar                     0.143413        0.088562        0.271396        0.109700       -0.255968       -0.009124       -0.040551        0.069150        0.307143        0.450556        0.307143        0.450556               0               0               0        1.000000               0               0       -0.296518       -0.273431        0.817166               0               0        0.273431        0.146125        0.014106       -0.073456        0.218418        0.175125       -0.408624        0.025780       -0.175125        0.161018        0.175125        0.161018        0.175125       -0.583749       -0.322037        0.708126        0.322037
e_istar                    -6.743892       -4.654757      -11.618542       -4.178271        9.749299        0.860543        3.824634       -0.353637       -1.169194       -7.913086       -1.169194       -7.913086               0               0               0               0               0               0       13.573933       -1.396427        6.963785        1.000000               0        1.396427       -1.597883       -5.287167       -2.857928      -10.955392       -4.858478       11.336449        0.025766        4.858478        0.428689       -4.858478        0.428689       -4.858478       16.194927       -0.857379        8.097464        0.857379
e_pistar                    3.136738        2.060786        5.647291        2.151903       -5.021107       -0.478456       -2.126470        0.025433        0.366599        3.503337        0.366599        3.503337               0               0               0               0               0               0       -8.147577        0.618236       -3.586505               0        1.000000       -0.618236        0.577294        2.598570        1.404632        5.384423        2.387875       -5.571708       -0.023198       -2.387875       -0.210695        2.387875       -0.210695        2.387875       -8.959582        0.421390       -3.979791       -0.421390
e_varphi                   -2.313018       -1.468749       -4.282981       -1.688539        3.939924        0.387406        1.721806        0.033267       -0.183855       -2.496873       -0.183855       -2.496873               0               0               0               0        1.000000               0        5.661730       -0.440625        2.814232               0               0        0.440625       -0.344873       -1.985894       -1.073456       -4.114915       -1.824875        4.258043        0.025780        1.824875        0.161018       -1.824875        0.161018       -1.824875        6.082918       -0.322037        3.041459        0.322037
e_gammaH                   -0.502726       -0.631792       -0.201572        0.258132       -0.602309        0.099798        0.443545        0.701677       -0.571321       -1.074047       -0.571321       -1.074047               0               0               0               0               0        1.000000       -0.158764       -0.189538       -0.430221               0               0        0.189538       -0.571321               0               0               0               0               0               0               0               0               0               0               0               0               0               0               0
[Warning: Aggregate variance and sum of variances by shocks differ by
more than 0.01 %] 
[> In <a href="matlab:matlab.lang.internal.introspective.errorDocCallback('th_autocovariances', 'C:\4.5.7\matlab\th_autocovariances.m', 206)" style="font-weight:bold">th_autocovariances</a> (<a href="matlab: opentoline('C:\4.5.7\matlab\th_autocovariances.m',206,0)">line 206</a>)
In <a href="matlab:matlab.lang.internal.introspective.errorDocCallback('disp_th_moments', 'C:\4.5.7\matlab\disp_th_moments.m', 39)" style="font-weight:bold">disp_th_moments</a> (<a href="matlab: opentoline('C:\4.5.7\matlab\disp_th_moments.m',39,0)">line 39</a>)
In <a href="matlab:matlab.lang.internal.introspective.errorDocCallback('stoch_simul', 'C:\4.5.7\matlab\stoch_simul.m', 178)" style="font-weight:bold">stoch_simul</a> (<a href="matlab: opentoline('C:\4.5.7\matlab\stoch_simul.m',178,0)">line 178</a>)
In <a href="matlab:matlab.lang.internal.introspective.errorDocCallback('nk_2soe1', 'D:\Desktop\Training_WS\DSGE\W5 codes\W5 codes\nk_2soe1.m', 436)" style="font-weight:bold">nk_2soe1</a> (<a href="matlab: opentoline('D:\Desktop\Training_WS\DSGE\W5 codes\W5 codes\nk_2soe1.m',436,0)">line 436</a>)
In <a href="matlab:matlab.lang.internal.introspective.errorDocCallback('dynare', 'C:\4.5.7\matlab\dynare.m', 235)" style="font-weight:bold">dynare</a> (<a href="matlab: opentoline('C:\4.5.7\matlab\dynare.m',235,0)">line 235</a>)
In <a href="matlab:matlab.lang.internal.introspective.errorDocCallback('W5_3', 'D:\Desktop\Training_WS\DSGE\W5 codes\W5 codes\W5_3.m', 4)" style="font-weight:bold">W5_3</a> (<a href="matlab: opentoline('D:\Desktop\Training_WS\DSGE\W5 codes\W5 codes\W5_3.m',4,0)">line 4</a>)] 


THEORETICAL MOMENTS
VARIABLE           MEAN  STD. DEV.   VARIANCE
c                0.0000     5.0455    25.4568
ch               0.0000     3.0624     9.3782
cf               0.0000    10.0194   100.3877
prh              0.0000     4.3865    19.2416
rer              0.0000    10.2352   104.7596
rnom             0.0000     0.5627     0.3167
pic              0.0000     1.1145     1.2421
pih              0.0000     0.4714     0.2222
lab              0.0000     0.9874     0.9750
rw               0.0000     5.0274    25.2753
y                0.0000     1.3056     1.7046
mchr             0.0000     5.2924    28.0094
a                0.0000     1.6059     2.5789
g                0.0000     0.8333     0.6944
z                0.0000     0.0000     0.0000
cstar            0.0000     1.8983     3.6036
varphi           0.0000     0.0000     0.0000
gammaH           0.0000     0.0000     0.0000
dep              0.0000     4.0087    16.0695
bstar            0.0000    50.1068  2510.6894
chstar           0.0000     7.3674    54.2792
istar            0.0000     0.8006     0.6410
pistar           0.0000     0.5735     0.3289
tb               0.0000     1.0585     1.1204
y_gap            0.0000     0.7961     0.6337
c_nat            0.0000     4.8906    23.9181
ch_nat           0.0000     2.9104     8.4706
cf_nat           0.0000    10.0309   100.6184
prh_nat          0.0000     4.5726    20.9089
rer_nat          0.0000    10.6695   113.8373
rnom_nat         0.0000     0.2514     0.0632
pic_nat          0.0000     1.4436     2.0841
lab_nat          0.0000     0.5233     0.2739
rw_nat           0.0000     4.5003    20.2525
y_nat            0.0000     1.4927     2.2281
mchr_nat         0.0000     4.5726    20.9089
dep_nat          0.0000     4.8953    23.9637
bstar_nat        0.0000    50.2203  2522.0812
chstar_nat       0.0000     7.6394    58.3603
tb_nat           0.0000     1.0467     1.0956



VARIANCE DECOMPOSITION (in percent)
                   e_a       e_g       e_z   e_cstar   e_istar  e_pistar  e_varphi  e_gammaH
c                 4.27      1.00      0.00      6.23     78.68      9.83      0.00      0.00
ch               12.11      2.12      0.00      4.66     72.05      9.05      0.00      0.00
cf                3.62      0.45      0.00      7.10     79.01      9.82      0.00      0.00
prh               7.11      0.17      0.00      7.66     75.69      9.37      0.00      0.00
rer               7.11      0.17      0.00      7.66     75.69      9.37      0.00      0.00
rnom              3.74      0.88      0.00      0.14     78.54     16.70      0.00      0.00
pic               1.12      0.45      0.00      0.23     75.39     22.82      0.00      0.00
pih              26.44      5.46      0.00      3.37     55.68      9.05      0.00      0.00
lab              45.48      7.40      0.00     22.97     21.58      2.57      0.00      0.00
rw                3.40      2.28      0.00      7.36     77.26      9.70      0.00      0.00
y                68.82      4.23      0.00     13.14     12.34      1.47      0.00      0.00
mchr             12.83      2.05      0.00      6.64     69.72      8.76      0.00      0.00
a               100.00      0.00      0.00      0.00      0.00      0.00      0.00      0.00
g                 0.00    100.00      0.00      0.00      0.00      0.00      0.00      0.00
z                 0.01      0.00     99.59      0.02      0.36      0.02      0.00      0.00
cstar             0.00      0.00      0.00    100.00      0.00      0.00      0.00      0.00
varphi            0.00      0.00      0.00      0.03      0.00      0.00     99.97      0.00
gammaH            0.00      0.00      0.00      0.00      0.00      0.00      0.00    100.00
dep               1.03      0.02      0.00      0.55     72.25     26.15      0.00      0.00
bstar             8.75      0.31      0.00     15.66     70.98      4.30      0.00      0.00
chstar            7.00      0.17      0.00      9.08     74.53      9.22      0.00      0.00
istar             0.00      0.00      0.00      0.00    100.00      0.00      0.00      0.00
pistar            0.00      0.00      0.00      0.00      0.00    100.00      0.00      0.00
tb                9.12      1.60      0.00     28.18     54.28      6.82      0.00      0.00
y_gap            37.93     12.93      0.00      5.40     38.89      4.85      0.00      0.00
c_nat             7.68      0.27      0.00      7.21     75.47      9.37      0.00      0.00
ch_nat           24.02      0.22      0.00      5.76     62.26      7.73      0.00      0.00
cf_nat            5.30      0.27      0.00      7.84     77.02      9.56      0.00      0.00
prh_nat           9.73      0.26      0.00      8.06     72.90      9.05      0.00      0.00
rer_nat           9.73      0.26      0.00      8.06     72.90      9.05      0.00      0.00
rnom_nat         53.56     41.73      0.00      3.78      0.66      0.28      0.00      0.00
pic_nat           5.95      1.04      0.00      1.49     73.34     18.18      0.00      0.00
lab_nat          16.72      0.15      0.00     34.43     43.33      5.38      0.00      0.00
rw_nat            6.81      0.27      0.00      8.32     75.26      9.34      0.00      0.00
y_nat            89.76      0.02      0.00      4.23      5.33      0.66      0.00      0.00
mchr_nat          9.73      0.26      0.00      8.06     72.90      9.05      0.00      0.00
dep_nat           5.75      1.01      0.00      1.44     70.87     20.94      0.00      0.00
bstar_nat        12.88      0.06      0.00     17.49     65.43      4.14      0.00      0.00
chstar_nat        9.69      0.26      0.00      8.50     72.55      9.01      0.00      0.00
tb_nat           16.72      0.15      0.00     34.43     43.33      5.38      0.00      0.00



MATRIX OF CORRELATIONS
Variables              c          ch          cf         prh         rer        rnom         pic         pih         lab          rw           y        mchr           a           g       cstar         dep       bstar      chstar       istar      pistar          tb       y_gap       c_nat      ch_nat      cf_nat     prh_nat     rer_nat    rnom_nat     pic_nat     lab_nat      rw_nat       y_nat    mchr_nat     dep_nat   bstar_nat  chstar_nat      tb_nat
c                 1.0000      0.9716      0.9857      0.9438     -0.9438     -0.8287     -0.4426     -0.4308     -0.1161      0.9808      0.0408      0.9000      0.1045      0.0890      0.0712     -0.3325     -0.3616     -0.9182     -0.7199      0.2834     -0.8050      0.3383      0.9891      0.9259      0.9807      0.9373     -0.9373     -0.0813     -0.2180     -0.7336      0.9896     -0.1447      0.9373     -0.2475     -0.3818     -0.9173     -0.7336
ch                0.9716      1.0000      0.9177      0.8388     -0.8388     -0.8361     -0.4909     -0.4029     -0.1524      0.9451      0.2527      0.8070      0.2992      0.1312      0.0458     -0.3827     -0.3074     -0.8206     -0.6844      0.2684     -0.8433      0.3192      0.9576      0.9566      0.9086      0.8306     -0.8306     -0.1975     -0.2742     -0.7730      0.9507      0.0509      0.8306     -0.3010     -0.3198     -0.8172     -0.7730
cf                0.9857      0.9177      1.0000      0.9861     -0.9861     -0.7948     -0.3928     -0.4358     -0.0861      0.9723     -0.1118      0.9351     -0.0379      0.0557      0.0869     -0.2851     -0.3877     -0.9561     -0.7203      0.2843     -0.7498      0.3402      0.9774      0.8719      0.9982      0.9809     -0.9809      0.0043     -0.1704     -0.6800      0.9831     -0.2792      0.9809     -0.2008     -0.4129     -0.9569     -0.6800
prh               0.9438      0.8388      0.9861      1.0000     -1.0000     -0.7390     -0.3327     -0.4284     -0.0542      0.9366     -0.2590      0.9435     -0.1772      0.0214      0.0999     -0.2304     -0.4026     -0.9666     -0.7005      0.2772     -0.6743      0.3326      0.9384      0.7942      0.9874      0.9963     -0.9963      0.0886     -0.1186     -0.6082      0.9491     -0.4039      0.9963     -0.1491     -0.4319     -0.9691     -0.6082
rer              -0.9438     -0.8388     -0.9861     -1.0000      1.0000      0.7390      0.3327      0.4284      0.0542     -0.9366      0.2590     -0.9435      0.1772     -0.0214     -0.0999      0.2304      0.4026      0.9666      0.7005     -0.2772      0.6743     -0.3326     -0.9384     -0.7942     -0.9874     -0.9963      0.9963     -0.0886      0.1186      0.6082     -0.9491      0.4039     -0.9963      0.1491      0.4319      0.9691      0.6082
rnom             -0.8287     -0.8361     -0.7948     -0.7390      0.7390      1.0000      0.5342      0.5503      0.1007     -0.8119     -0.1309     -0.7202     -0.1683      0.0836      0.0012      0.4020     -0.1800      0.7337      0.8705     -0.4049      0.7264     -0.3085     -0.8138     -0.7895     -0.7881     -0.7359      0.7359      0.2696      0.2547      0.6592     -0.8078      0.0500     -0.7359      0.2978     -0.1613      0.7344      0.6592
pic              -0.4426     -0.4909     -0.3928     -0.3327      0.3327      0.5342      1.0000     -0.0161     -0.1818     -0.4798     -0.2467     -0.4289     -0.0888      0.0600      0.0008      0.9617     -0.0334      0.3303      0.3761     -0.2135      0.4264     -0.4357     -0.3921     -0.3827     -0.3782     -0.3516      0.3516      0.1460      0.9006      0.3196     -0.3889      0.0166     -0.3516      0.9103     -0.0286      0.3509      0.3196
pih              -0.4308     -0.4029     -0.4358     -0.4284      0.4284      0.5503     -0.0161      1.0000      0.7679     -0.2815      0.1197     -0.1537     -0.3748      0.1817      0.1413     -0.2540     -0.1805      0.4615      0.5632     -0.2469      0.4257      0.5697     -0.5357     -0.6058     -0.4604     -0.3747      0.3747      0.4778     -0.4211      0.5822     -0.5144     -0.1991     -0.3747     -0.3850     -0.1617      0.4089      0.5822
lab              -0.1161     -0.1524     -0.0861     -0.0542      0.0542      0.1007     -0.1818      0.7679      1.0000      0.0799      0.0390      0.2529     -0.5831      0.2374      0.4543     -0.3745      0.0920      0.1709      0.0700     -0.0330      0.3767      0.8491     -0.2414     -0.4172     -0.1098      0.0148     -0.0148      0.6768     -0.4766      0.5952     -0.1931     -0.4187      0.0148     -0.4647      0.0876      0.0982      0.5952
rw                0.9808      0.9451      0.9723      0.9366     -0.9366     -0.8119     -0.4798     -0.2815      0.0799      1.0000      0.0486      0.9529     -0.0096      0.1359      0.1607     -0.4072     -0.3448     -0.8880     -0.7088      0.2780     -0.7339      0.5063      0.9453      0.8472      0.9627      0.9435     -0.9435      0.0513     -0.3124     -0.6193      0.9552     -0.2275      0.9435     -0.3396     -0.3660     -0.9013     -0.6193
y                 0.0408      0.2527     -0.1118     -0.2590      0.2590     -0.1309     -0.2467      0.1197      0.0390      0.0486      1.0000     -0.1932      0.7890      0.1796      0.3436     -0.2579      0.1402      0.3456      0.0530     -0.0249     -0.0345      0.0530      0.0169      0.2325     -0.1299     -0.2598      0.2598     -0.3883     -0.2747     -0.0070      0.0176      0.8464     -0.2598     -0.2671      0.1660      0.3446     -0.0070
mchr              0.9000      0.8070      0.9351      0.9435     -0.9435     -0.7202     -0.4289     -0.1537      0.2529      0.9529     -0.1932      1.0000     -0.3126      0.1291      0.1527     -0.3931     -0.3450     -0.8969     -0.6733      0.2641     -0.6183      0.6263      0.8487      0.6696      0.9260      0.9631     -0.9631      0.2708     -0.3179     -0.4755      0.8671     -0.5030      0.9631     -0.3435     -0.3723     -0.9229     -0.4755
a                 0.1045      0.2992     -0.0379     -0.1772      0.1772     -0.1683     -0.0888     -0.3748     -0.5831     -0.0096      0.7890     -0.3126      1.0000      0.0000      0.0000      0.0206      0.0575      0.1759      0.0000      0.0000     -0.2597     -0.4790      0.1622      0.4456     -0.0381     -0.2203      0.2203     -0.7318      0.0698     -0.3717      0.1330      0.9455     -0.2203      0.0686      0.0811      0.2198     -0.3717
g                 0.0890      0.1312      0.0557      0.0214     -0.0214      0.0836      0.0600      0.1817      0.2374      0.1359      0.1796      0.1291      0.0000      1.0000      0.0000      0.0058      0.0123     -0.0212      0.0000      0.0000     -0.1139      0.3192      0.0495      0.0450      0.0500      0.0487     -0.0487      0.6460     -0.0308     -0.0375      0.0495     -0.0132      0.0487     -0.0303      0.0040     -0.0486     -0.0375
cstar             0.0712      0.0458      0.0869      0.0999     -0.0999      0.0012      0.0008      0.1413      0.4543      0.1607      0.3436      0.1527      0.0000      0.0000      1.0000     -0.0381     -0.0722      0.1585      0.0000      0.0000      0.4982      0.2009      0.0484     -0.0089      0.0847      0.1149     -0.1149      0.1944     -0.0546      0.5515      0.1167      0.1934      0.1149     -0.0536     -0.0789      0.1339      0.5515
dep              -0.3325     -0.3827     -0.2851     -0.2304      0.2304      0.4020      0.9617     -0.2540     -0.3745     -0.4072     -0.2579     -0.3931      0.0206      0.0058     -0.0381      1.0000      0.0112      0.2189      0.1940     -0.2732      0.3117     -0.5740     -0.2562     -0.2245     -0.2643     -0.2622      0.2622      0.0117      0.9625      0.1666     -0.2590      0.0806     -0.2622      0.9782      0.0113      0.2521      0.1666
bstar            -0.3616     -0.3074     -0.3877     -0.4026      0.4026     -0.1800     -0.0334     -0.1805      0.0920     -0.3448      0.1402     -0.3450      0.0575      0.0123     -0.0722      0.0112      1.0000      0.3809     -0.2775      0.0515      0.2279     -0.0325     -0.3692     -0.3144     -0.3871     -0.3895      0.3895     -0.0686      0.0335      0.2229     -0.3753      0.1400     -0.3895      0.0269      0.9964      0.3706      0.2229
chstar           -0.9182     -0.8206     -0.9561     -0.9666      0.9666      0.7337      0.3303      0.4615      0.1709     -0.8880      0.3456     -0.8969      0.1759     -0.0212      0.1585      0.2189      0.3809      1.0000      0.6951     -0.2751      0.7975     -0.2782     -0.9188     -0.7904     -0.9580     -0.9591      0.9591     -0.0379      0.1037      0.7456     -0.9117      0.4506     -0.9591      0.1341      0.4082      0.9962      0.7456
istar            -0.7199     -0.6844     -0.7203     -0.7005      0.7005      0.8705      0.3761      0.5632      0.0700     -0.7088      0.0530     -0.6733      0.0000      0.0000      0.0000      0.1940     -0.2775      0.6951      1.0000      0.0000      0.5941     -0.2688     -0.7140     -0.6486     -0.7213     -0.7018      0.7018      0.0809      0.1111      0.5410     -0.7130      0.1897     -0.7018      0.1093     -0.2493      0.7001      0.5410
pistar            0.2834      0.2684      0.2843      0.2772     -0.2772     -0.4049     -0.2135     -0.2469     -0.0330      0.2780     -0.0249      0.2641      0.0000      0.0000      0.0000     -0.2732      0.0515     -0.2751      0.0000      1.0000     -0.2330      0.0977      0.2782      0.2527      0.2811      0.2735     -0.2735     -0.0527     -0.0866     -0.2108      0.2779     -0.0739      0.2735     -0.2023      0.0460     -0.2728     -0.2108
tb               -0.8050     -0.8433     -0.7498     -0.6743      0.6743      0.7264      0.4264      0.4257      0.3767     -0.7339     -0.0345     -0.6183     -0.2597     -0.1139      0.4982      0.3117      0.2279      0.7975      0.5941     -0.2330      1.0000     -0.1689     -0.8051     -0.8351     -0.7431     -0.6591      0.6591      0.2760      0.2086      0.9677     -0.7624      0.0599     -0.6591      0.2324      0.2351      0.7814      0.9677
y_gap             0.3383      0.3192      0.3402      0.3326     -0.3326     -0.3085     -0.4357      0.5697      0.8491      0.5063      0.0530      0.6263     -0.4790      0.3192      0.2009     -0.5740     -0.0325     -0.2782     -0.2688      0.0977     -0.1689      1.0000      0.2065      0.0341      0.3126      0.3984     -0.3984      0.5686     -0.6234      0.0809      0.2339     -0.4869      0.3984     -0.6243     -0.0434     -0.3475      0.0809
c_nat             0.9891      0.9576      0.9774      0.9384     -0.9384     -0.8138     -0.3921     -0.5357     -0.2414      0.9453      0.0169      0.8487      0.1622      0.0495      0.0484     -0.2562     -0.3692     -0.9188     -0.7140      0.2782     -0.8051      0.2065      1.0000      0.9541      0.9792      0.9245     -0.9245     -0.1527     -0.1299     -0.7696      0.9972     -0.0954      0.9245     -0.1603     -0.3931     -0.9103     -0.7696
ch_nat            0.9259      0.9566      0.8719      0.7942     -0.7942     -0.7895     -0.3827     -0.6058     -0.4172      0.8472      0.2325      0.6696      0.4456      0.0450     -0.0089     -0.2245     -0.3144     -0.7904     -0.6486      0.2527     -0.8351      0.0341      0.9541      1.0000      0.8736      0.7680     -0.7680     -0.3673     -0.0943     -0.8390      0.9393      0.1852      0.7680     -0.1223     -0.3287     -0.7683     -0.8390
cf_nat            0.9807      0.9086      0.9982      0.9874     -0.9874     -0.7881     -0.3782     -0.4604     -0.1098      0.9627     -0.1299      0.9260     -0.0381      0.0500      0.0847     -0.2643     -0.3871     -0.9580     -0.7213      0.2811     -0.7431      0.3126      0.9792      0.8736      1.0000      0.9826     -0.9826      0.0004     -0.1473     -0.6827      0.9848     -0.2803      0.9826     -0.1777     -0.4164     -0.9592     -0.6827
prh_nat           0.9373      0.8306      0.9809      0.9963     -0.9963     -0.7359     -0.3516     -0.3747      0.0148      0.9435     -0.2598      0.9631     -0.2203      0.0487      0.1149     -0.2622     -0.3895     -0.9591     -0.7018      0.2735     -0.6591      0.3984      0.9245      0.7680      0.9826      1.0000     -1.0000      0.1408     -0.1579     -0.5781      0.9375     -0.4397      1.0000     -0.1872     -0.4225     -0.9691     -0.5781
rer_nat          -0.9373     -0.8306     -0.9809     -0.9963      0.9963      0.7359      0.3516      0.3747     -0.0148     -0.9435      0.2598     -0.9631      0.2203     -0.0487     -0.1149      0.2622      0.3895      0.9591      0.7018     -0.2735      0.6591     -0.3984     -0.9245     -0.7680     -0.9826     -1.0000      1.0000     -0.1408      0.1579      0.5781     -0.9375      0.4397     -1.0000      0.1872      0.4225      0.9691      0.5781
rnom_nat         -0.0813     -0.1975      0.0043      0.0886     -0.0886      0.2696      0.1460      0.4778      0.6768      0.0513     -0.3883      0.2708     -0.7318      0.6460      0.1944      0.0117     -0.0686     -0.0379      0.0809     -0.0527      0.2760      0.5686     -0.1527     -0.3673      0.0004      0.1408     -0.1408      1.0000     -0.0678      0.4121     -0.1181     -0.6429      0.1408     -0.0604     -0.0900     -0.0922      0.4121
pic_nat          -0.2180     -0.2742     -0.1704     -0.1186      0.1186      0.2547      0.9006     -0.4211     -0.4766     -0.3124     -0.2747     -0.3179      0.0698     -0.0308     -0.0546      0.9625      0.0335      0.1037      0.1111     -0.0866      0.2086     -0.6234     -0.1299     -0.0943     -0.1473     -0.1579      0.1579     -0.0678      1.0000      0.0490     -0.1355      0.0922     -0.1579      0.9932      0.0304      0.1439      0.0490
lab_nat          -0.7336     -0.7730     -0.6800     -0.6082      0.6082      0.6592      0.3196      0.5822      0.5952     -0.6193     -0.0070     -0.4755     -0.3717     -0.0375      0.5515      0.1666      0.2229      0.7456      0.5410     -0.2108      0.9677      0.0809     -0.7696     -0.8390     -0.6827     -0.5781      0.5781      0.4121      0.0490      1.0000     -0.7200     -0.0493     -0.5781      0.0728      0.2313      0.7138      1.0000
