Starting Dynare (version 4.5.7).
Starting preprocessing of the model file ...
Found 40 equation(s).
Evaluating expressions...done
Computing static model derivatives:
 - order 1
Computing dynamic model derivatives:
 - order 1
 - order 2
Processing outputs ...
done
Preprocessing completed.




Residuals of the static equations:

Equation number 1 : 0
Equation number 2 : 0
Equation number 3 : 0
Equation number 4 : 0
Equation number 5 : 0
Equation number 6 : 0
Equation number 7 : 0
Equation number 8 : 0
Equation number 9 : 0
Equation number 10 : 0
Equation number 11 : 0
Equation number 12 : 0
Equation number 13 : 0
Equation number 14 : 0
Equation number 15 : 0
Equation number 16 : 0
Equation number 17 : 0
Equation number 18 : 0
Equation number 19 : 0
Equation number 20 : 0
Equation number 21 : 0
Equation number 22 : 0
Equation number 23 : 0
Equation number 24 : 0
Equation number 25 : 0
Equation number 26 : 0
Equation number 27 : 0
Equation number 28 : 0
Equation number 29 : 0
Equation number 30 : 0
Equation number 31 : 0
Equation number 32 : 0
Equation number 33 : 0
Equation number 34 : 0
Equation number 35 : 0
Equation number 36 : 0
Equation number 37 : 0
Equation number 38 : 0
Equation number 39 : 0
Equation number 40 : 0



STEADY-STATE RESULTS:

c          		 0
ch         		 0
cf         		 0
prh        		 0
rer        		 0
rnom       		 0
pic        		 0
pih        		 0
lab        		 0
rw         		 0
y          		 0
mchr       		 0
a          		 0
g          		 0
z          		 0
cstar      		 0
varphi     		 0
gammaH     		 0
dep        		 0
bstar      		 0
chstar     		 0
istar      		 0
pistar     		 0
tb         		 0
y_gap      		 0
c_nat      		 0
ch_nat     		 0
cf_nat     		 0
prh_nat    		 0
rer_nat    		 0
rnom_nat   		 0
pic_nat    		 0
lab_nat    		 0
rw_nat     		 0
y_nat      		 0
mchr_nat   		 0
dep_nat    		 0
bstar_nat  		 0
chstar_nat 		 0
tb_nat     		 0

EIGENVALUES:
         Modulus             Real        Imaginary

               0                0                0
       9.343e-17        9.343e-17                0
       8.657e-16       -8.657e-16                0
             0.7              0.7                0
             0.8              0.8                0
            0.85             0.85                0
            0.85             0.85                0
             0.9              0.9                0
             0.9              0.9                0
            0.95             0.95                0
          0.9949           0.9949                0
          0.9949           0.9949                0
            1.01             1.01                0
            1.01             1.01                0
       3.141e+15        3.141e+15                0
        3.67e+16        -3.67e+16                0
       6.944e+16        6.944e+16                0
       8.135e+18       -8.135e+18                0
       7.574e+20       -7.574e+20                0
             Inf             -Inf                0


There are 8 eigenvalue(s) larger than 1 in modulus 
for 8 forward-looking variable(s)

The rank condition is verified.


MODEL SUMMARY

  Number of variables:         40
  Number of stochastic shocks: 8
  Number of state variables:   12
  Number of jumpers:           8
  Number of static variables:  23


MATRIX OF COVARIANCE OF EXOGENOUS SHOCKS
Variables         e_a       e_g       e_z   e_cstar   e_istar  e_pistar  e_varphi  e_gammaH
e_a          0.490000  0.000000  0.000000  0.000000  0.000000  0.000000  0.000000  0.000000
e_g          0.000000  0.250000  0.000000  0.000000  0.000000  0.000000  0.000000  0.000000
e_z          0.000000  0.000000  0.000000  0.000000  0.000000  0.000000  0.000000  0.000000
e_cstar      0.000000  0.000000  0.000000  1.000000  0.000000  0.000000  0.000000  0.000000
e_istar      0.000000  0.000000  0.000000  0.000000  0.062500  0.000000  0.000000  0.000000
e_pistar     0.000000  0.000000  0.000000  0.000000  0.000000  0.062500  0.000000  0.000000
e_varphi     0.000000  0.000000  0.000000  0.000000  0.000000  0.000000  0.000000  0.000000
e_gammaH     0.000000  0.000000  0.000000  0.000000  0.000000  0.000000  0.000000  0.000000

POLICY AND TRANSITION FUNCTIONS
                                   c              ch              cf             prh             rer            rnom             pic             pih             lab              rw               y            mchr               a               g               z           cstar          varphi          gammaH             dep           bstar          chstar           istar          pistar              tb           y_gap           c_nat          ch_nat          cf_nat         prh_nat         rer_nat        rnom_nat         pic_nat         lab_nat          rw_nat           y_nat        mchr_nat         dep_nat       bstar_nat      chstar_nat          tb_nat
a(-1)                       0.572523        0.795958        0.051173       -0.446871        1.042699       -0.103146        0.446871               0       -0.119394        0.453129        0.780606       -0.446871        0.900000               0               0               0               0               0        1.489570        0.238787        0.744785               0               0       -0.238787               0        0.572523        0.795958        0.051173       -0.446871        1.042699       -0.103146        0.446871       -0.119394        0.453129        0.780606       -0.446871        1.489570        0.238787        0.744785       -0.238787
g(-1)                       0.242146        0.130890        0.501744        0.222512       -0.519196        0.155875       -0.222512               0       -0.019633        0.222512       -0.019633        0.222512               0        0.800000               0               0               0               0       -0.741708        0.039267       -0.370854               0               0       -0.039267               0        0.242146        0.130890        0.501744        0.222512       -0.519196        0.155875       -0.222512       -0.019633        0.222512       -0.019633        0.222512       -0.741708        0.039267       -0.370854       -0.039267
z(-1)                              0               0               0               0               0               0               0               0               0               0               0               0               0               0        0.700000               0               0               0               0               0               0               0               0               0               0               0               0               0               0               0               0               0               0               0               0               0               0               0               0               0
cstar(-1)                   0.011990       -0.062438        0.185656        0.148856       -0.347331        0.021913       -0.148856               0        0.136866        0.148856        0.136866        0.148856               0               0               0        0.850000               0               0       -0.496186       -0.273731        0.601907               0               0        0.273731               0        0.011990       -0.062438        0.185656        0.148856       -0.347331        0.021913       -0.148856        0.136866        0.148856        0.136866        0.148856       -0.496186       -0.273731        0.601907        0.273731
varphi(-1)                 -1.688010       -0.912438       -3.497678       -1.551144        3.619336        0.021913        1.551144               0        0.136866       -1.551144        0.136866       -1.551144               0               0               0               0        0.850000               0        5.170480       -0.273731        2.585240               0               0        0.273731               0       -1.688010       -0.912438       -3.497678       -1.551144        3.619336        0.021913        1.551144        0.136866       -1.551144        0.136866       -1.551144        5.170480       -0.273731        2.585240        0.273731
bstar(-1)                  -0.062307       -0.033679       -0.129104       -0.057255        0.133595        0.000026        0.057255               0        0.005052       -0.057255        0.005052       -0.057255               0               0               0               0               0               0        0.190850        0.994921        0.095425               0               0        0.010104        0.005052               0               0               0               0               0               0               0               0               0               0               0               0               0               0               0
istar(-1)                  -5.022809       -2.715032      -10.407622       -4.615554       10.769627        0.024478        4.615554               0        0.407255       -4.615554        0.407255       -4.615554               0               0               0               0               0               0       15.385181       -0.814510        7.692591        0.950000               0        0.814510               0       -5.022809       -2.715032      -10.407622       -4.615554       10.769627        0.024478        4.615554        0.407255       -4.615554        0.407255       -4.615554       15.385181       -0.814510        7.692591        0.814510
bstar_nat(-1)                      0               0               0               0               0               0               0               0               0               0               0               0               0               0               0               0               0               0               0               0               0               0               0               0       -0.005052       -0.062307       -0.033679       -0.129104       -0.057255        0.133595        0.000026        0.057255        0.005052       -0.057255        0.005052       -0.057255        0.190850        0.994921        0.095425        0.010104
rer(-1)                            0               0               0               0               0               0       -0.428571               0               0               0               0               0               0               0               0               0               0               0       -1.428571               0               0               0               0               0               0               0               0               0               0               0               0               0               0               0               0               0               0               0               0               0
pistar(-1)                  2.338713        1.264169        4.845981        2.149087       -5.014537       -0.020878       -2.149087               0       -0.189625        2.149087       -0.189625        2.149087               0               0               0               0               0               0       -8.063624        0.379251       -3.581812               0        0.900000       -0.379251               0        2.338713        1.264169        4.845981        2.149087       -5.014537       -0.020878       -2.149087       -0.189625        2.149087       -0.189625        2.149087       -8.063624        0.379251       -3.581812       -0.379251
rer_nat(-1)                        0               0               0               0               0               0               0               0               0               0               0               0               0               0               0               0               0               0               0               0               0               0               0               0               0               0               0               0               0               0               0       -0.428571               0               0               0               0       -1.428571               0               0               0
e_a                         0.636136        0.884398        0.056859       -0.496523        1.158554       -0.114606        0.496523               0       -0.132660        0.503477        0.867340       -0.496523        1.000000               0               0               0               0               0        1.655078        0.265319        0.827539               0               0       -0.265319               0        0.636136        0.884398        0.056859       -0.496523        1.158554       -0.114606        0.496523       -0.132660        0.503477        0.867340       -0.496523        1.655078        0.265319        0.827539       -0.265319
e_g                         0.302682        0.163612        0.627180        0.278140       -0.648994        0.194844       -0.278140               0       -0.024542        0.278140       -0.024542        0.278140               0        1.000000               0               0               0               0       -0.927135        0.049084       -0.463567               0               0       -0.049084               0        0.302682        0.163612        0.627180        0.278140       -0.648994        0.194844       -0.278140       -0.024542        0.278140       -0.024542        0.278140       -0.927135        0.049084       -0.463567       -0.049084
e_z                                0               0               0               0               0               0               0               0               0               0               0               0               0               0        1.000000               0               0               0               0               0               0               0               0               0               0               0               0               0               0               0               0               0               0               0               0               0               0               0               0               0
e_cstar                     0.014106       -0.073456        0.218418        0.175125       -0.408624        0.025780       -0.175125               0        0.161018        0.175125        0.161018        0.175125               0               0               0        1.000000               0               0       -0.583749       -0.322037        0.708126               0               0        0.322037               0        0.014106       -0.073456        0.218418        0.175125       -0.408624        0.025780       -0.175125        0.161018        0.175125        0.161018        0.175125       -0.583749       -0.322037        0.708126        0.322037
e_istar                    -5.287167       -2.857928      -10.955392       -4.858478       11.336449        0.025766        4.858478               0        0.428689       -4.858478        0.428689       -4.858478               0               0               0               0               0               0       16.194927       -0.857379        8.097464        1.000000               0        0.857379               0       -5.287167       -2.857928      -10.955392       -4.858478       11.336449        0.025766        4.858478        0.428689       -4.858478        0.428689       -4.858478       16.194927       -0.857379        8.097464        0.857379
e_pistar                    2.598570        1.404632        5.384423        2.387875       -5.571708       -0.023198       -2.387875               0       -0.210695        2.387875       -0.210695        2.387875               0               0               0               0               0               0       -8.959582        0.421390       -3.979791               0        1.000000       -0.421390               0        2.598570        1.404632        5.384423        2.387875       -5.571708       -0.023198       -2.387875       -0.210695        2.387875       -0.210695        2.387875       -8.959582        0.421390       -3.979791       -0.421390
e_varphi                   -1.985894       -1.073456       -4.114915       -1.824875        4.258043        0.025780        1.824875               0        0.161018       -1.824875        0.161018       -1.824875               0               0               0               0        1.000000               0        6.082918       -0.322037        3.041459               0               0        0.322037               0       -1.985894       -1.073456       -4.114915       -1.824875        4.258043        0.025780        1.824875        0.161018       -1.824875        0.161018       -1.824875        6.082918       -0.322037        3.041459        0.322037
e_gammaH                   -4.635507       -5.700993       -2.149373        2.130972       -4.972268        6.775119       -2.130972               0       -5.056181       -9.691688       -5.056181       -9.691688               0               0               0               0               0        1.000000       -7.103239       -1.710298       -3.551620               0               0        1.710298       -5.056181               0               0               0               0               0               0               0               0               0               0               0               0               0               0               0
[Warning: Aggregate variance and sum of variances by shocks differ by
more than 0.01 %] 
[> In <a href="matlab:matlab.lang.internal.introspective.errorDocCallback('th_autocovariances', 'C:\4.5.7\matlab\th_autocovariances.m', 206)" style="font-weight:bold">th_autocovariances</a> (<a href="matlab: opentoline('C:\4.5.7\matlab\th_autocovariances.m',206,0)">line 206</a>)
In <a href="matlab:matlab.lang.internal.introspective.errorDocCallback('disp_th_moments', 'C:\4.5.7\matlab\disp_th_moments.m', 39)" style="font-weight:bold">disp_th_moments</a> (<a href="matlab: opentoline('C:\4.5.7\matlab\disp_th_moments.m',39,0)">line 39</a>)
In <a href="matlab:matlab.lang.internal.introspective.errorDocCallback('stoch_simul', 'C:\4.5.7\matlab\stoch_simul.m', 178)" style="font-weight:bold">stoch_simul</a> (<a href="matlab: opentoline('C:\4.5.7\matlab\stoch_simul.m',178,0)">line 178</a>)
In <a href="matlab:matlab.lang.internal.introspective.errorDocCallback('nk_2soe4', 'D:\Desktop\Training_WS\DSGE\W5 codes\W5 codes\nk_2soe4.m', 436)" style="font-weight:bold">nk_2soe4</a> (<a href="matlab: opentoline('D:\Desktop\Training_WS\DSGE\W5 codes\W5 codes\nk_2soe4.m',436,0)">line 436</a>)
In <a href="matlab:matlab.lang.internal.introspective.errorDocCallback('dynare', 'C:\4.5.7\matlab\dynare.m', 235)" style="font-weight:bold">dynare</a> (<a href="matlab: opentoline('C:\4.5.7\matlab\dynare.m',235,0)">line 235</a>)
In <a href="matlab:matlab.lang.internal.introspective.errorDocCallback('W5_3', 'D:\Desktop\Training_WS\DSGE\W5 codes\W5 codes\W5_3.m', 7)" style="font-weight:bold">W5_3</a> (<a href="matlab: opentoline('D:\Desktop\Training_WS\DSGE\W5 codes\W5 codes\W5_3.m',7,0)">line 7</a>)] 


THEORETICAL MOMENTS
VARIABLE           MEAN  STD. DEV.   VARIANCE
c                0.0000     4.8906    23.9181
ch               0.0000     2.9104     8.4706
cf               0.0000    10.0309   100.6184
prh              0.0000     4.5726    20.9089
rer              0.0000    10.6695   113.8373
rnom             0.0000     0.2514     0.0632
pic              0.0000     1.4436     2.0841
pih              0.0000     0.0000     0.0000
lab              0.0000     0.5233     0.2739
rw               0.0000     4.5003    20.2525
y                0.0000     1.4927     2.2281
mchr             0.0000     4.5726    20.9089
a                0.0000     1.6059     2.5789
g                0.0000     0.8333     0.6944
z                0.0000     0.0000     0.0000
cstar            0.0000     1.8983     3.6036
varphi           0.0000     0.0000     0.0000
gammaH           0.0000     0.0000     0.0000
dep              0.0000     4.8953    23.9637
bstar            0.0000    50.2203  2522.0812
chstar           0.0000     7.6394    58.3603
istar            0.0000     0.8006     0.6410
pistar           0.0000     0.5735     0.3289
tb               0.0000     1.0467     1.0956
y_gap            0.0000     0.0000     0.0000
c_nat            0.0000     4.8906    23.9181
ch_nat           0.0000     2.9104     8.4706
cf_nat           0.0000    10.0309   100.6184
prh_nat          0.0000     4.5726    20.9089
rer_nat          0.0000    10.6695   113.8373
rnom_nat         0.0000     0.2514     0.0632
pic_nat          0.0000     1.4436     2.0841
lab_nat          0.0000     0.5233     0.2739
rw_nat           0.0000     4.5003    20.2525
y_nat            0.0000     1.4927     2.2281
mchr_nat         0.0000     4.5726    20.9089
dep_nat          0.0000     4.8953    23.9637
bstar_nat        0.0000    50.2203  2522.0812
chstar_nat       0.0000     7.6394    58.3603
tb_nat           0.0000     1.0467     1.0956



VARIANCE DECOMPOSITION (in percent)
                   e_a       e_g       e_z   e_cstar   e_istar  e_pistar  e_varphi  e_gammaH
c                 7.68      0.27      0.00      7.21     75.47      9.37      0.00      0.00
ch               24.02      0.22      0.00      5.76     62.26      7.73      0.00      0.00
cf                5.30      0.27      0.00      7.84     77.02      9.56      0.00      0.00
prh               9.73      0.26      0.00      8.06     72.90      9.05      0.00      0.00
rer               9.73      0.26      0.00      8.06     72.90      9.05      0.00      0.00
rnom             53.56     41.73      0.00      3.78      0.66      0.28      0.00      0.00
pic               5.95      1.04      0.00      1.49     73.34     18.18      0.00      0.00
pih                NaN       NaN       NaN       NaN       NaN       NaN       NaN       NaN
lab              16.72      0.15      0.00     34.43     43.33      5.38      0.00      0.00
rw                6.81      0.27      0.00      8.32     75.26      9.34      0.00      0.00
y                89.76      0.02      0.00      4.23      5.33      0.66      0.00      0.00
mchr              9.73      0.26      0.00      8.06     72.90      9.05      0.00      0.00
a               100.00      0.00      0.00      0.00      0.00      0.00      0.00      0.00
g                 0.00    100.00      0.00      0.00      0.00      0.00      0.00      0.00
z                 0.00      0.00    100.00      0.00      0.00      0.00      0.00      0.00
cstar             0.00      0.00      0.00    100.00      0.00      0.00      0.00      0.00
varphi            0.00      0.00      0.00      0.64      0.00      0.00     99.36      0.00
gammaH            0.00      0.00      0.00      0.00      0.00      0.00      0.00    100.00
dep               5.75      1.01      0.00      1.44     70.87     20.94      0.00      0.00
bstar            12.88      0.06      0.00     17.49     65.43      4.14      0.00      0.00
chstar            9.69      0.26      0.00      8.50     72.55      9.01      0.00      0.00
istar             0.00      0.00      0.00      0.00    100.00      0.00      0.00      0.00
pistar            0.00      0.00      0.00      0.00      0.00    100.00      0.00      0.00
tb               16.72      0.15      0.00     34.43     43.33      5.38      0.00      0.00
y_gap             0.00      0.00      0.00      0.00      0.00      0.00      0.00    100.00
c_nat             7.68      0.27      0.00      7.21     75.47      9.37      0.00      0.00
ch_nat           24.02      0.22      0.00      5.76     62.26      7.73      0.00      0.00
cf_nat            5.30      0.27      0.00      7.84     77.02      9.56      0.00      0.00
prh_nat           9.73      0.26      0.00      8.06     72.90      9.05      0.00      0.00
rer_nat           9.73      0.26      0.00      8.06     72.90      9.05      0.00      0.00
rnom_nat         53.56     41.73      0.00      3.78      0.66      0.28      0.00      0.00
pic_nat           5.95      1.04      0.00      1.49     73.34     18.18      0.00      0.00
lab_nat          16.72      0.15      0.00     34.43     43.33      5.38      0.00      0.00
rw_nat            6.81      0.27      0.00      8.32     75.26      9.34      0.00      0.00
y_nat            89.76      0.02      0.00      4.23      5.33      0.66      0.00      0.00
mchr_nat          9.73      0.26      0.00      8.06     72.90      9.05      0.00      0.00
dep_nat           5.75      1.01      0.00      1.44     70.87     20.94      0.00      0.00
bstar_nat        12.88      0.06      0.00     17.49     65.43      4.14      0.00      0.00
chstar_nat        9.69      0.26      0.00      8.50     72.55      9.01      0.00      0.00
tb_nat           16.72      0.15      0.00     34.43     43.33      5.38      0.00      0.00



MATRIX OF CORRELATIONS
Variables              c          ch          cf         prh         rer        rnom         pic         lab          rw           y        mchr           a           g       cstar         dep       bstar      chstar       istar      pistar          tb       c_nat      ch_nat      cf_nat     prh_nat     rer_nat    rnom_nat     pic_nat     lab_nat      rw_nat       y_nat    mchr_nat     dep_nat   bstar_nat  chstar_nat      tb_nat
c                 1.0000      0.9541      0.9792      0.9245     -0.9245     -0.1527     -0.1299     -0.7696      0.9972     -0.0954      0.9245      0.1622      0.0495      0.0484     -0.1603     -0.3931     -0.9103     -0.7140      0.2782     -0.7696      1.0000      0.9541      0.9792      0.9245     -0.9245     -0.1527     -0.1299     -0.7696      0.9972     -0.0954      0.9245     -0.1603     -0.3931     -0.9103     -0.7696
ch                0.9541      1.0000      0.8736      0.7680     -0.7680     -0.3673     -0.0943     -0.8390      0.9393      0.1852      0.7680      0.4456      0.0450     -0.0089     -0.1223     -0.3287     -0.7683     -0.6486      0.2527     -0.8390      0.9541      1.0000      0.8736      0.7680     -0.7680     -0.3673     -0.0943     -0.8390      0.9393      0.1852      0.7680     -0.1223     -0.3287     -0.7683     -0.8390
cf                0.9792      0.8736      1.0000      0.9826     -0.9826      0.0004     -0.1473     -0.6827      0.9848     -0.2803      0.9826     -0.0381      0.0500      0.0847     -0.1777     -0.4164     -0.9592     -0.7213      0.2811     -0.6827      0.9792      0.8736      1.0000      0.9826     -0.9826      0.0004     -0.1473     -0.6827      0.9848     -0.2803      0.9826     -0.1777     -0.4164     -0.9592     -0.6827
prh               0.9245      0.7680      0.9826      1.0000     -1.0000      0.1408     -0.1579     -0.5781      0.9375     -0.4397      1.0000     -0.2203      0.0487      0.1149     -0.1872     -0.4225     -0.9691     -0.7018      0.2735     -0.5781      0.9245      0.7680      0.9826      1.0000     -1.0000      0.1408     -0.1579     -0.5781      0.9375     -0.4397      1.0000     -0.1872     -0.4225     -0.9691     -0.5781
rer              -0.9245     -0.7680     -0.9826     -1.0000      1.0000     -0.1408      0.1579      0.5781     -0.9375      0.4397     -1.0000      0.2203     -0.0487     -0.1149      0.1872      0.4225      0.9691      0.7018     -0.2735      0.5781     -0.9245     -0.7680     -0.9826     -1.0000      1.0000     -0.1408      0.1579      0.5781     -0.9375      0.4397     -1.0000      0.1872      0.4225      0.9691      0.5781
rnom             -0.1527     -0.3673      0.0004      0.1408     -0.1408      1.0000     -0.0678      0.4121     -0.1181     -0.6429      0.1408     -0.7318      0.6460      0.1944     -0.0604     -0.0900     -0.0922      0.0809     -0.0527      0.4121     -0.1527     -0.3673      0.0004      0.1408     -0.1408      1.0000     -0.0678      0.4121     -0.1181     -0.6429      0.1408     -0.0604     -0.0900     -0.0922      0.4121
pic              -0.1299     -0.0943     -0.1473     -0.1579      0.1579     -0.0678      1.0000      0.0490     -0.1355      0.0922     -0.1579      0.0698     -0.0308     -0.0546      0.9932      0.0304      0.1439      0.1111     -0.0866      0.0490     -0.1299     -0.0943     -0.1473     -0.1579      0.1579     -0.0678      1.0000      0.0490     -0.1355      0.0922     -0.1579      0.9932      0.0304      0.1439      0.0490
lab              -0.7696     -0.8390     -0.6827     -0.5781      0.5781      0.4121      0.0490      1.0000     -0.7200     -0.0493     -0.5781     -0.3717     -0.0375      0.5515      0.0728      0.2313      0.7138      0.5410     -0.2108      1.0000     -0.7696     -0.8390     -0.6827     -0.5781      0.5781      0.4121      0.0490      1.0000     -0.7200     -0.0493     -0.5781      0.0728      0.2313      0.7138      1.0000
rw                0.9972      0.9393      0.9848      0.9375     -0.9375     -0.1181     -0.1355     -0.7200      1.0000     -0.1094      0.9375      0.1330      0.0495      0.1167     -0.1657     -0.4003     -0.9062     -0.7130      0.2779     -0.7200      0.9972      0.9393      0.9848      0.9375     -0.9375     -0.1181     -0.1355     -0.7200      1.0000     -0.1094      0.9375     -0.1657     -0.4003     -0.9062     -0.7200
y                -0.0954      0.1852     -0.2803     -0.4397      0.4397     -0.6429      0.0922     -0.0493     -0.1094      1.0000     -0.4397      0.9455     -0.0132      0.1934      0.0993      0.1684      0.4867      0.1897     -0.0739     -0.0493     -0.0954      0.1852     -0.2803     -0.4397      0.4397     -0.6429      0.0922     -0.0493     -0.1094      1.0000     -0.4397      0.0993      0.1684      0.4867     -0.0493
mchr              0.9245      0.7680      0.9826      1.0000     -1.0000      0.1408     -0.1579     -0.5781      0.9375     -0.4397      1.0000     -0.2203      0.0487      0.1149     -0.1872     -0.4225     -0.9691     -0.7018      0.2735     -0.5781      0.9245      0.7680      0.9826      1.0000     -1.0000      0.1408     -0.1579     -0.5781      0.9375     -0.4397      1.0000     -0.1872     -0.4225     -0.9691     -0.5781
a                 0.1622      0.4456     -0.0381     -0.2203      0.2203     -0.7318      0.0698     -0.3717      0.1330      0.9455     -0.2203      1.0000      0.0000      0.0000      0.0686      0.0811      0.2198      0.0000      0.0000     -0.3717      0.1622      0.4456     -0.0381     -0.2203      0.2203     -0.7318      0.0698     -0.3717      0.1330      0.9455     -0.2203      0.0686      0.0811      0.2198     -0.3717
g                 0.0495      0.0450      0.0500      0.0487     -0.0487      0.6460     -0.0308     -0.0375      0.0495     -0.0132      0.0487      0.0000      1.0000      0.0000     -0.0303      0.0040     -0.0486      0.0000      0.0000     -0.0375      0.0495      0.0450      0.0500      0.0487     -0.0487      0.6460     -0.0308     -0.0375      0.0495     -0.0132      0.0487     -0.0303      0.0040     -0.0486     -0.0375
cstar             0.0484     -0.0089      0.0847      0.1149     -0.1149      0.1944     -0.0546      0.5515      0.1167      0.1934      0.1149      0.0000      0.0000      1.0000     -0.0536     -0.0789      0.1339      0.0000      0.0000      0.5515      0.0484     -0.0089      0.0847      0.1149     -0.1149      0.1944     -0.0546      0.5515      0.1167      0.1934      0.1149     -0.0536     -0.0789      0.1339      0.5515
dep              -0.1603     -0.1223     -0.1777     -0.1872      0.1872     -0.0604      0.9932      0.0728     -0.1657      0.0993     -0.1872      0.0686     -0.0303     -0.0536      1.0000      0.0245      0.1734      0.1093     -0.2023      0.0728     -0.1603     -0.1223     -0.1777     -0.1872      0.1872     -0.0604      0.9932      0.0728     -0.1657      0.0993     -0.1872      1.0000      0.0245      0.1734      0.0728
bstar            -0.3931     -0.3287     -0.4164     -0.4225      0.4225     -0.0900      0.0304      0.2313     -0.4003      0.1684     -0.4225      0.0811      0.0040     -0.0789      0.0245      1.0000      0.4019     -0.2493      0.0460      0.2313     -0.3931     -0.3287     -0.4164     -0.4225      0.4225     -0.0900      0.0304      0.2313     -0.4003      0.1684     -0.4225      0.0245      1.0000      0.4019      0.2313
chstar           -0.9103     -0.7683     -0.9592     -0.9691      0.9691     -0.0922      0.1439      0.7138     -0.9062      0.4867     -0.9691      0.2198     -0.0486      0.1339      0.1734      0.4019      1.0000      0.7001     -0.2728      0.7138     -0.9103     -0.7683     -0.9592     -0.9691      0.9691     -0.0922      0.1439      0.7138     -0.9062      0.4867     -0.9691      0.1734      0.4019      1.0000      0.7138
istar            -0.7140     -0.6486     -0.7213     -0.7018      0.7018      0.0809      0.1111      0.5410     -0.7130      0.1897     -0.7018      0.0000      0.0000      0.0000      0.1093     -0.2493      0.7001      1.0000      0.0000      0.5410     -0.7140     -0.6486     -0.7213     -0.7018      0.7018      0.0809      0.1111      0.5410     -0.7130      0.1897     -0.7018      0.1093     -0.2493      0.7001      0.5410
pistar            0.2782      0.2527      0.2811      0.2735     -0.2735     -0.0527     -0.0866     -0.2108      0.2779     -0.0739      0.2735      0.0000      0.0000      0.0000     -0.2023      0.0460     -0.2728      0.0000      1.0000     -0.2108      0.2782      0.2527      0.2811      0.2735     -0.2735     -0.0527     -0.0866     -0.2108      0.2779     -0.0739      0.2735     -0.2023      0.0460     -0.2728     -0.2108
tb               -0.7696     -0.8390     -0.6827     -0.5781      0.5781      0.4121      0.0490      1.0000     -0.7200     -0.0493     -0.5781     -0.3717     -0.0375      0.5515      0.0728      0.2313      0.7138      0.5410     -0.2108      1.0000     -0.7696     -0.8390     -0.6827     -0.5781      0.5781      0.4121      0.0490      1.0000     -0.7200     -0.0493     -0.5781      0.0728      0.2313      0.7138      1.0000
c_nat             1.0000      0.9541      0.9792      0.9245     -0.9245     -0.1527     -0.1299     -0.7696      0.9972     -0.0954      0.9245      0.1622      0.0495      0.0484     -0.1603     -0.3931     -0.9103     -0.7140      0.2782     -0.7696      1.0000      0.9541      0.9792      0.9245     -0.9245     -0.1527     -0.1299     -0.7696      0.9972     -0.0954      0.9245     -0.1603     -0.3931     -0.9103     -0.7696
ch_nat            0.9541      1.0000      0.8736      0.7680     -0.7680     -0.3673     -0.0943     -0.8390      0.9393      0.1852      0.7680      0.4456      0.0450     -0.0089     -0.1223     -0.3287     -0.7683     -0.6486      0.2527     -0.8390      0.9541      1.0000      0.8736      0.7680     -0.7680     -0.3673     -0.0943     -0.8390      0.9393      0.1852      0.7680     -0.1223     -0.3287     -0.7683     -0.8390
cf_nat            0.9792      0.8736      1.0000      0.9826     -0.9826      0.0004     -0.1473     -0.6827      0.9848     -0.2803      0.9826     -0.0381      0.0500      0.0847     -0.1777     -0.4164     -0.9592     -0.7213      0.2811     -0.6827      0.9792      0.8736      1.0000      0.9826     -0.9826      0.0004     -0.1473     -0.6827      0.9848     -0.2803      0.9826     -0.1777     -0.4164     -0.9592     -0.6827
prh_nat           0.9245      0.7680      0.9826      1.0000     -1.0000      0.1408     -0.1579     -0.5781      0.9375     -0.4397      1.0000     -0.2203      0.0487      0.1149     -0.1872     -0.4225     -0.9691     -0.7018      0.2735     -0.5781      0.9245      0.7680      0.9826      1.0000     -1.0000      0.1408     -0.1579     -0.5781      0.9375     -0.4397      1.0000     -0.1872     -0.4225     -0.9691     -0.5781
rer_nat          -0.9245     -0.7680     -0.9826     -1.0000      1.0000     -0.1408      0.1579      0.5781     -0.9375      0.4397     -1.0000      0.2203     -0.0487     -0.1149      0.1872      0.4225      0.9691      0.7018     -0.2735      0.5781     -0.9245     -0.7680     -0.9826     -1.0000      1.0000     -0.1408      0.1579      0.5781     -0.9375      0.4397     -1.0000      0.1872      0.4225      0.9691      0.5781
rnom_nat         -0.1527     -0.3673      0.0004      0.1408     -0.1408      1.0000     -0.0678      0.4121     -0.1181     -0.6429      0.1408     -0.7318      0.6460      0.1944     -0.0604     -0.0900     -0.0922      0.0809     -0.0527      0.4121     -0.1527     -0.3673      0.0004      0.1408     -0.1408      1.0000     -0.0678      0.4121     -0.1181     -0.6429      0.1408     -0.0604     -0.0900     -0.0922      0.4121
pic_nat          -0.1299     -0.0943     -0.1473     -0.1579      0.1579     -0.0678      1.0000      0.0490     -0.1355      0.0922     -0.1579      0.0698     -0.0308     -0.0546      0.9932      0.0304      0.1439      0.1111     -0.0866      0.0490     -0.1299     -0.0943     -0.1473     -0.1579      0.1579     -0.0678      1.0000      0.0490     -0.1355      0.0922     -0.1579      0.9932      0.0304      0.1439      0.0490
lab_nat          -0.7696     -0.8390     -0.6827     -0.5781      0.5781      0.4121      0.0490      1.0000     -0.7200     -0.0493     -0.5781     -0.3717     -0.0375      0.5515      0.0728      0.2313      0.7138      0.5410     -0.2108      1.0000     -0.7696     -0.8390     -0.6827     -0.5781      0.5781      0.4121      0.0490      1.0000     -0.7200     -0.0493     -0.5781      0.0728      0.2313      0.7138      1.0000
rw_nat            0.9972      0.9393      0.9848      0.9375     -0.9375     -0.1181     -0.1355     -0.7200      1.0000     -0.1094      0.9375      0.1330      0.0495      0.1167     -0.1657     -0.4003     -0.9062     -0.7130      0.2779     -0.7200      0.9972      0.9393      0.9848      0.9375     -0.9375     -0.1181     -0.1355     -0.7200      1.0000     -0.1094      0.9375     -0.1657     -0.4003     -0.9062     -0.7200
y_nat            -0.0954      0.1852     -0.2803     -0.4397      0.4397     -0.6429      0.0922     -0.0493     -0.1094      1.0000     -0.4397      0.9455     -0.0132      0.1934      0.0993      0.1684      0.4867      0.1897     -0.0739     -0.0493     -0.0954      0.1852     -0.2803     -0.4397      0.4397     -0.6429      0.0922     -0.0493     -0.1094      1.0000     -0.4397      0.0993      0.1684      0.4867     -0.0493
mchr_nat          0.9245      0.7680      0.9826      1.0000     -1.0000      0.1408     -0.1579     -0.5781      0.9375     -0.4397      1.0000     -0.2203      0.0487      0.1149     -0.1872     -0.4225     -0.9691     -0.7018      0.2735     -0.5781      0.9245      0.7680      0.9826      1.0000     -1.0000      0.1408     -0.1579     -0.5781      0.9375     -0.4397      1.0000     -0.1872     -0.4225     -0.9691     -0.5781
dep_nat          -0.1603     -0.1223     -0.1777     -0.1872      0.1872     -0.0604      0.9932      0.0728     -0.1657      0.0993     -0.1872      0.0686     -0.0303     -0.0536      1.0000      0.0245      0.1734      0.1093     -0.2023      0.0728     -0.1603     -0.1223     -0.1777     -0.1872      0.1872     -0.0604      0.9932      0.0728     -0.1657      0.0993     -0.1872      1.0000      0.0245      0.1734      0.0728
bstar_nat        -0.3931     -0.3287     -0.4164     -0.4225      0.4225     -0.0900      0.0304      0.2313     -0.4003      0.1684     -0.4225      0.0811      0.0040     -0.0789      0.0245      1.0000      0.4019     -0.2493      0.0460      0.2313     -0.3931     -0.3287     -0.4164     -0.4225      0.4225     -0.0900      0.0304      0.2313     -0.4003      0.1684     -0.4225      0.0245      1.0000      0.4019      0.2313
