Starting Dynare (version 4.5.7).
Starting preprocessing of the model file ...
Found 25 equation(s).
Evaluating expressions...done
Computing static model derivatives:
 - order 1
Computing dynamic model derivatives:
 - order 1
 - order 2
Processing outputs ...
done
Preprocessing completed.




Residuals of the static equations:

Equation number 1 : 0
Equation number 2 : 0
Equation number 3 : 0
Equation number 4 : 0
Equation number 5 : 0
Equation number 6 : 0
Equation number 7 : 0
Equation number 8 : 0
Equation number 9 : 0
Equation number 10 : 0
Equation number 11 : 0
Equation number 12 : 0
Equation number 13 : 0
Equation number 14 : 0
Equation number 15 : 0
Equation number 16 : 0
Equation number 17 : 0
Equation number 18 : 0
Equation number 19 : 0
Equation number 20 : 0
Equation number 21 : 0
Equation number 22 : 0
Equation number 23 : 0
Equation number 24 : 0
Equation number 25 : 0



STEADY-STATE RESULTS:

c      		 0
ch     		 0
cf     		 0
prh    		 0
rer    		 0
rnom   		 0
pic    		 0
pih    		 0
lab    		 0
rw     		 0
y      		 0
mchr   		 0
a      		 0
g      		 0
z      		 0
cstar  		 0
varphi 		 0
gammaH 		 0
dep    		 0
bstar  		 0
chstar 		 0
istar  		 0
pistar 		 0
tb     		 0
fx     		 0

EIGENVALUES:
         Modulus             Real        Imaginary

               0                0                0
               0                0                0
          0.3259           0.3259                0
             0.7              0.7                0
             0.8              0.8                0
            0.85             0.85                0
            0.85             0.85                0
             0.9              0.9                0
             0.9              0.9                0
             0.9              0.9                0
            0.95             0.95                0
          0.9949           0.9949                0
            1.01             1.01                0
           1.178            1.139           0.3016
           1.178            1.139          -0.3016
             Inf              Inf                0
             Inf             -Inf                0


There are 5 eigenvalue(s) larger than 1 in modulus 
for 5 forward-looking variable(s)

The rank condition is verified.


MODEL SUMMARY

  Number of variables:         25
  Number of stochastic shocks: 9
  Number of state variables:   12
  Number of jumpers:           5
  Number of static variables:  10


MATRIX OF COVARIANCE OF EXOGENOUS SHOCKS
Variables         e_a       e_g       e_z   e_cstar   e_istar  e_pistar  e_varphi  e_gammaH      e_fx
e_a          0.490000  0.000000  0.000000  0.000000  0.000000  0.000000  0.000000  0.000000  0.000000
e_g          0.000000  0.250000  0.000000  0.000000  0.000000  0.000000  0.000000  0.000000  0.000000
e_z          0.000000  0.000000  0.062500  0.000000  0.000000  0.000000  0.000000  0.000000  0.000000
e_cstar      0.000000  0.000000  0.000000  1.000000  0.000000  0.000000  0.000000  0.000000  0.000000
e_istar      0.000000  0.000000  0.000000  0.000000  0.062500  0.000000  0.000000  0.000000  0.000000
e_pistar     0.000000  0.000000  0.000000  0.000000  0.000000  0.062500  0.000000  0.000000  0.000000
e_varphi     0.000000  0.000000  0.000000  0.000000  0.000000  0.000000  0.062500  0.000000  0.000000
e_gammaH     0.000000  0.000000  0.000000  0.000000  0.000000  0.000000  0.000000  0.250000  0.000000
e_fx         0.000000  0.000000  0.000000  0.000000  0.000000  0.000000  0.000000  0.000000  1.000000

POLICY AND TRANSITION FUNCTIONS
                                   c              ch              cf             prh             rer            rnom             pic             pih             lab              rw               y            mchr               a               g               z           cstar          varphi          gammaH             dep           bstar          chstar           istar          pistar              tb              fx
a(-1)                       0.213720        0.347053       -0.097392       -0.266667        0.622223        0.120736        0.080491       -0.186177       -0.523729       -0.310010        0.376271       -1.210010        0.900000               0               0               0               0               0        0.702714        0.104116        0.444445               0               0       -0.104116               0
g(-1)                       0.478828        0.428012        0.597398        0.101631       -0.237140        0.052468        0.034978        0.136610        0.248793        0.727620        0.248793        0.727620               0        0.800000               0               0               0               0       -0.202162        0.128404       -0.169386               0               0       -0.128404               0
z(-1)                      -0.432184       -0.562536       -0.128031        0.260703       -0.608307       -0.487238       -0.791492       -0.530789       -0.524127       -0.956311       -0.524127       -0.956311               0               0        0.700000               0               0               0       -1.399799       -0.168761       -0.434505               0               0        0.168761               0
cstar(-1)                   0.129158        0.083338        0.236070        0.091639       -0.213825       -0.064762       -0.043174        0.048465        0.267517        0.396674        0.267517        0.396674               0               0               0        0.850000               0               0       -0.257000       -0.229999        0.697268               0               0        0.229999               0
varphi(-1)                 -2.825297       -2.284524       -4.087102       -1.081547        2.523610        1.830744        1.220496        0.138949       -1.058393       -3.883691       -1.058393       -3.883691               0               0               0               0        0.850000               0        3.744105       -0.685357        1.802578               0               0        0.685357               0
bstar(-1)                  -0.103725       -0.084891       -0.147669       -0.037667        0.087889        0.037801        0.025201       -0.012466       -0.040591       -0.144315       -0.040591       -0.144315               0               0               0               0               0               0        0.113090        0.979558        0.062778               0               0        0.025467               0
istar(-1)                  -8.536938       -7.012056      -12.094994       -3.049763        7.116113        4.042573        2.695049       -0.354714       -3.383558      -11.920496       -3.383558      -11.920496               0               0               0               0               0               0        9.811162       -2.103617        5.082938        0.950000               0        2.103617               0
fx(-1)                      0.099315        0.081288        0.141376        0.036052       -0.084122       -0.035308       -0.023539        0.012513        0.038876        0.138190        0.038876        0.138190               0               0               0               0               0               0       -0.107661       -0.080639       -0.060087               0               0       -0.024387        0.900000
rer(-1)                     0.307867        0.381000        0.137222       -0.146267        0.341289       -0.274146       -0.182764        0.099541        0.339833        0.647700        0.339833        0.647700               0               0               0               0               0               0       -0.841475        0.114300        0.243778               0               0       -0.114300               0
pistar(-1)                  3.969140        3.242668        5.664241        1.452944       -3.390202       -2.243565       -1.495710       -0.042766        1.543396        5.512536        1.543396        5.512536               0               0               0               0               0               0       -5.785911        0.972800       -2.421573               0        0.900000       -0.972800               0
e_a                         0.237466        0.385615       -0.108213       -0.296297        0.691359        0.134151        0.089434       -0.206863       -0.581921       -0.344455        0.418079       -1.344455        1.000000               0               0               0               0               0        0.780793        0.115684        0.493828               0               0       -0.115684               0
e_g                         0.598534        0.535015        0.746747        0.127039       -0.296425        0.065584        0.043723        0.170762        0.310991        0.909525        0.310991        0.909525               0        1.000000               0               0               0               0       -0.252702        0.160504       -0.211732               0               0       -0.160504               0
e_z                        -0.617406       -0.803623       -0.182901        0.372433       -0.869010       -0.696055       -1.130703       -0.758270       -0.748752       -1.366159       -0.748752       -1.366159               0               0        1.000000               0               0               0       -1.999713       -0.241087       -0.620721               0               0        0.241087               0
e_cstar                     0.151950        0.098045        0.277730        0.107811       -0.251559       -0.076190       -0.050793        0.057018        0.314726        0.466676        0.314726        0.466676               0               0               0        1.000000               0               0       -0.302353       -0.270587        0.820315               0               0        0.270587               0
e_istar                    -8.986250       -7.381112      -12.731573       -3.210277        7.490645        4.255340        2.836893       -0.373383       -3.561640      -12.547890       -3.561640      -12.547890               0               0               0               0               0               0       10.327539       -2.214334        5.350461        1.000000               0        2.214334               0
e_pistar                    4.410156        3.602965        6.293601        1.614382       -3.766891       -2.492850       -1.661900       -0.047518        1.714884        6.125040        1.714884        6.125040               0               0               0               0               0               0       -6.428790        1.080889       -2.690636               0        1.000000       -1.080889               0
e_varphi                   -3.323879       -2.687675       -4.808356       -1.272408        2.968953        2.153816        1.435877        0.163469       -1.245168       -4.569048       -1.245168       -4.569048               0               0               0               0        1.000000               0        4.404830       -0.806303        2.120680               0               0        0.806303               0
e_gammaH                   -0.718355       -0.889000       -0.320185        0.341289       -0.796341        0.639673        0.426449        0.767738       -0.792944       -1.511300       -0.792944       -1.511300               0               0               0               0               0        1.000000       -0.369892       -0.266700       -0.568815               0               0        0.266700               0
e_fx                       -0.004900       -0.004003       -0.006993       -0.001794        0.004185        0.002770        0.001847        0.000053       -0.001905       -0.006806       -0.001905       -0.006806               0               0               0               0               0               0        0.006032        0.998799        0.002990               0               0        0.001201        1.000000


THEORETICAL MOMENTS
VARIABLE         MEAN  STD. DEV.   VARIANCE
c              0.0000     5.3803    28.9473
ch             0.0000     3.5409    12.5376
cf             0.0000    10.3091   106.2776
prh            0.0000     4.4809    20.0782
rer            0.0000    10.4554   109.3148
rnom           0.0000     1.7271     2.9830
pic            0.0000     1.1973     1.4335
pih            0.0000     0.9309     0.8666
lab            0.0000     1.4857     2.2074
rw             0.0000     5.7995    33.6345
y              0.0000     1.8281     3.3420
mchr           0.0000     5.9715    35.6585
a              0.0000     1.6059     2.5789
g              0.0000     0.8333     0.6944
z              0.0000     0.3501     0.1225
cstar          0.0000     1.8983     3.6036
varphi         0.0000     0.4746     0.2252
gammaH         0.0000     0.5000     0.2500
dep            0.0000     3.5792    12.8108
bstar          0.0000    50.9527  2596.1754
chstar         0.0000     7.5167    56.5008
istar          0.0000     0.8006     0.6410
pistar         0.0000     0.5735     0.3289
tb             0.0000     1.1898     1.4156
fx             0.0000     2.2942     5.2632



VARIANCE DECOMPOSITION (in percent)
               e_a       e_g       e_z   e_cstar   e_istar  e_pistar  e_varphi  e_gammaH      e_fx
c             4.48      0.63      0.42      5.56     74.19     10.01      4.17      0.54      0.00
ch           11.15      0.97      1.27      3.57     66.46     10.20      4.59      1.78      0.00
cf            3.80      0.38      0.16      6.83     75.43      9.50      3.82      0.08      0.00
prh           7.62      0.19      0.35      7.52     71.76      8.78      3.55      0.23      0.00
rer           7.62      0.19      0.35      7.52     71.76      8.78      3.55      0.23      0.00
rnom          2.11      0.73      1.19      0.25     59.17     19.35     13.37      3.84      0.00
pic           1.95      0.68      8.61      0.24     54.72     17.89     12.36      3.55      0.00
pih           4.88      1.56      9.94      0.55     43.92     13.46      8.50     17.19      0.00
lab          12.29      1.48      6.13      9.04     45.58     10.98      6.51      7.99      0.00
rw            2.69      1.05      1.37      5.44     71.59     10.99      4.95      1.92      0.00
y            42.07      0.98      4.05      5.97     30.11      7.25      4.30      5.27      0.00
mchr          8.22      0.99      1.29      5.13     67.53     10.37      4.66      1.81      0.00
a           100.00      0.00      0.00      0.00      0.00      0.00      0.00      0.00      0.00
g             0.00    100.00      0.00      0.00      0.00      0.00      0.00      0.00      0.00
z             0.00      0.00    100.00      0.00      0.00      0.00      0.00      0.00      0.00
cstar         0.00      0.00      0.00    100.00      0.00      0.00      0.00      0.00      0.00
varphi        0.00      0.00      0.00      0.00      0.00      0.00    100.00      0.00      0.00
gammaH        0.00      0.00      0.00      0.00      0.00      0.00      0.00    100.00      0.00
dep           2.84      0.29      2.23      0.77     57.77     24.69     10.26      1.16      0.00
bstar         9.43      0.26      0.38     15.46     69.30      3.98      0.84      0.15      0.20
chstar        7.52      0.18      0.34      8.71     70.84      8.66      3.51      0.23      0.00
istar         0.00      0.00      0.00      0.00    100.00      0.00      0.00      0.00      0.00
pistar        0.00      0.00      0.00      0.00      0.00    100.00      0.00      0.00      0.00
tb            8.89      0.78      1.02     23.14     52.97      8.13      3.66      1.42      0.00
fx            0.00      0.00      0.00      0.00      0.00      0.00      0.00      0.00    100.00



MATRIX OF CORRELATIONS
Variables         c      ch      cf     prh     rer    rnom     pic     pih     lab      rw       y    mchr       a       g       z   cstar  varphi  gammaH     dep   bstar  chstar   istar  pistar      tb      fx
c            1.0000  0.9571  0.9726  0.8889 -0.8889 -0.7601 -0.7208 -0.4873  0.1551  0.9674  0.2277  0.9085  0.1157  0.0717 -0.0523  0.0624 -0.1830 -0.0668 -0.5524 -0.3382 -0.8674 -0.6872  0.2774 -0.8246 -0.0012
ch           0.9571  1.0000  0.8635  0.7179 -0.7179 -0.8194 -0.7674 -0.4057  0.2781  0.9591  0.4856  0.8520  0.2955  0.0913 -0.1055  0.0307 -0.1657 -0.1255 -0.6499 -0.2669 -0.7055 -0.6152  0.2521 -0.8781 -0.0011
cf           0.9726  0.8635  1.0000  0.9710 -0.9710 -0.6657 -0.6390 -0.5226  0.0470  0.9144  0.0070  0.8976 -0.0355  0.0516 -0.0064  0.0840 -0.1856 -0.0155 -0.4402 -0.3745 -0.9435 -0.7025  0.2805 -0.7307 -0.0012
prh          0.8889  0.7179  0.9710  1.0000 -1.0000 -0.5304 -0.5182 -0.5291 -0.0670  0.8075 -0.2206  0.8351 -0.1892  0.0279  0.0412  0.1014 -0.1777  0.0381 -0.2996 -0.3904 -0.9679 -0.6781  0.2676 -0.5924 -0.0012
rer         -0.8889 -0.7179 -0.9710 -1.0000  1.0000  0.5304  0.5182  0.5291  0.0670 -0.8075  0.2206 -0.8351  0.1892 -0.0279 -0.0412 -0.1014  0.1777 -0.0381  0.2996  0.3904  0.9679  0.6781 -0.2676  0.5924  0.0012
rnom        -0.7601 -0.8194 -0.6657 -0.5304  0.5304  1.0000  0.9810  0.4748 -0.4700 -0.8256 -0.4637 -0.7768 -0.0930  0.0774 -0.0991 -0.0092  0.3187  0.1852  0.8655 -0.1232  0.5247  0.6032 -0.3728  0.7271  0.0017
pic         -0.7208 -0.7674 -0.6390 -0.5182  0.5182  0.9810  1.0000  0.5178 -0.4056 -0.7726 -0.4082 -0.7263 -0.0895  0.0744 -0.2902 -0.0089  0.3065  0.1781  0.8583 -0.1171  0.5126  0.5801 -0.3586  0.6809  0.0016
pih         -0.4873 -0.4057 -0.5226 -0.5291  0.5291  0.4748  0.5178  1.0000  0.3675 -0.3580  0.1176 -0.2922 -0.2061  0.1226 -0.3138  0.0618  0.2659  0.4124  0.0237 -0.1964  0.5413  0.5828 -0.3324  0.3918  0.0015
lab          0.1551  0.2781  0.0470 -0.0670  0.0670 -0.4700 -0.4056  0.3675  1.0000  0.4001  0.5468  0.4700 -0.3027  0.1102 -0.2381  0.2815 -0.0085 -0.2669 -0.6780  0.0459  0.1377 -0.0038  0.0170 -0.1135 -0.0001
rw           0.9674  0.9591  0.9144  0.8075 -0.8075 -0.8256 -0.7726 -0.3580  0.4001  1.0000  0.3513  0.9632  0.0298  0.0948 -0.1095  0.1300 -0.1720 -0.1303 -0.6862 -0.3020 -0.7694 -0.6385  0.2617 -0.7941 -0.0012
y            0.2277  0.4856  0.0070 -0.2206  0.2206 -0.4637 -0.4082  0.1176  0.5468  0.3513  1.0000  0.1711  0.6325  0.0896 -0.1935  0.2288 -0.0069 -0.2169 -0.5288  0.0940  0.2770 -0.0031  0.0138 -0.3240 -0.0001
mchr         0.9085  0.8520  0.8976  0.8351 -0.8351 -0.7768 -0.7263 -0.2922  0.4700  0.9632  0.1711  1.0000 -0.2400  0.0920 -0.1064  0.1263 -0.1670 -0.1265 -0.6733 -0.3106 -0.7978 -0.6201  0.2541 -0.7003 -0.0011
a            0.1157  0.2955 -0.0355 -0.1892  0.1892 -0.0930 -0.0895 -0.2061 -0.3027  0.0298  0.6325 -0.2400  1.0000  0.0000  0.0000  0.0000  0.0000  0.0000  0.0253  0.0645  0.1879  0.0000  0.0000 -0.2638  0.0000
g            0.0717  0.0913  0.0516  0.0279 -0.0279  0.0774  0.0744  0.1226  0.1102  0.0948  0.0896  0.0920  0.0000  1.0000  0.0000  0.0000  0.0000  0.0000  0.0086  0.0097 -0.0277  0.0000  0.0000 -0.0815  0.0000
z           -0.0523 -0.1055 -0.0064  0.0412 -0.0412 -0.0991 -0.2902 -0.3138 -0.2381 -0.1095 -0.1935 -0.1064  0.0000  0.0000  1.0000  0.0000  0.0000  0.0000 -0.1331 -0.0074 -0.0409  0.0000  0.0000  0.0942  0.0000
cstar        0.0624  0.0307  0.0840  0.1014 -0.1014 -0.0092 -0.0089  0.0618  0.2815  0.1300  0.2288  0.1263  0.0000  0.0000  0.0000  1.0000  0.0000  0.0000 -0.0474 -0.0723  0.1518  0.0000  0.0000  0.4513  0.0000
varphi      -0.1830 -0.1657 -0.1856 -0.1777  0.1777  0.3187  0.3065  0.2659 -0.0085 -0.1720 -0.0069 -0.1670  0.0000  0.0000  0.0000  0.0000  1.0000  0.0000  0.1804 -0.0237  0.1765  0.0000  0.0000  0.1479  0.0000
gammaH      -0.0668 -0.1255 -0.0155  0.0381 -0.0381  0.1852  0.1781  0.4124 -0.2669 -0.1303 -0.2169 -0.1265  0.0000  0.0000  0.0000  0.0000  0.0000  1.0000 -0.0517 -0.0026 -0.0378  0.0000  0.0000  0.1121  0.0000
dep         -0.5524 -0.6499 -0.4402 -0.2996  0.2996  0.8655  0.8583  0.0237 -0.6780 -0.6862 -0.5288 -0.6733  0.0253  0.0086 -0.1331 -0.0474  0.1804 -0.0517  1.0000 -0.0201  0.2857  0.2931 -0.3584  0.5575  0.0009
bstar       -0.3382 -0.2669 -0.3745 -0.3904  0.3904 -0.1232 -0.1171 -0.1964  0.0459 -0.3020  0.0940 -0.3106  0.0645  0.0097 -0.0074 -0.0723 -0.0237 -0.0026 -0.0201  1.0000  0.3696 -0.2836  0.0550  0.2037  0.0448
chstar      -0.8674 -0.7055 -0.9435 -0.9679  0.9679  0.5247  0.5126  0.5413  0.1377 -0.7694  0.2770 -0.7978  0.1879 -0.0277 -0.0409  0.1518  0.1765 -0.0378  0.2857  0.3696  1.0000  0.6737 -0.2659  0.7025  0.0012
istar       -0.6872 -0.6152 -0.7025 -0.6781  0.6781  0.6032  0.5801  0.5828 -0.0038 -0.6385 -0.0031 -0.6201  0.0000  0.0000  0.0000  0.0000  0.0000  0.0000  0.2931 -0.2836  0.6737  1.0000  0.0000  0.5492  0.0000
pistar       0.2774  0.2521  0.2805  0.2676 -0.2676 -0.3728 -0.3586 -0.3324  0.0170  0.2617  0.0138  0.2541  0.0000  0.0000  0.0000  0.0000  0.0000  0.0000 -0.3584  0.0550 -0.2659  0.0000  1.0000 -0.2251  0.0000
tb          -0.8246 -0.8781 -0.7307 -0.5924  0.5924  0.7271  0.6809  0.3918 -0.1135 -0.7941 -0.3240 -0.7003 -0.2638 -0.0815  0.0942  0.4513  0.1479  0.1121  0.5575  0.2037  0.7025  0.5492 -0.2251  1.0000  0.0010
fx          -0.0012 -0.0011 -0.0012 -0.0012  0.0012  0.0017  0.0016  0.0015 -0.0001 -0.0012 -0.0001 -0.0011  0.0000  0.0000  0.0000  0.0000  0.0000  0.0000  0.0009  0.0448  0.0012  0.0000  0.0000  0.0010  1.0000



COEFFICIENTS OF AUTOCORRELATION
Order          1       2       3       4       5
c         0.8534  0.7769  0.7253  0.6837  0.6471
ch        0.7399  0.6280  0.5670  0.5246  0.4903
cf        0.9280  0.8735  0.8268  0.7845  0.7455
prh       0.9715  0.9284  0.8830  0.8390  0.7975
rer       0.9715  0.9284  0.8830  0.8390  0.7975
rnom      0.5526  0.3892  0.3200  0.2831  0.2580
pic       0.5579  0.3909  0.3171  0.2764  0.2488
pih       0.7253  0.6615  0.6014  0.5479  0.5011
lab       0.4286  0.2239  0.1428  0.1050  0.0836
rw        0.7186  0.6046  0.5472  0.5099  0.4806
y         0.6378  0.4843  0.4038  0.3511  0.3110
mchr      0.7220  0.6090  0.5517  0.5144  0.4850
a         0.9000  0.8100  0.7290  0.6561  0.5905
g         0.8000  0.6400  0.5120  0.4096  0.3277
z         0.7000  0.4900  0.3430  0.2401  0.1681
cstar     0.8500  0.7225  0.6141  0.5220  0.4437
varphi    0.8500  0.7225  0.6141  0.5220  0.4437
gammaH    0.0000  0.0000  0.0000  0.0000  0.0000
dep       0.3284  0.1141  0.0434  0.0196  0.0112
bstar     0.9995  0.9987  0.9976  0.9962  0.9945
chstar    0.9653  0.9181  0.8696  0.8231  0.7796
istar     0.9500  0.9025  0.8574  0.8145  0.7738
pistar    0.9000  0.8100  0.7290  0.6561  0.5905
tb        0.7653  0.6479  0.5737  0.5178  0.4714
fx        0.9000  0.8100  0.7290  0.6561  0.5905
Total computing time : 0h00m00s
