Starting Dynare (version 4.5.7).
Starting preprocessing of the model file ...
Found 25 equation(s).
Evaluating expressions...done
Computing static model derivatives:
 - order 1
Computing dynamic model derivatives:
 - order 1
 - order 2
Processing outputs ...
done
Preprocessing completed.




Residuals of the static equations:

Equation number 1 : 0
Equation number 2 : 0
Equation number 3 : 0
Equation number 4 : 0
Equation number 5 : 0
Equation number 6 : 0
Equation number 7 : 0
Equation number 8 : 0
Equation number 9 : 0
Equation number 10 : 0
Equation number 11 : 0
Equation number 12 : 0
Equation number 13 : 0
Equation number 14 : 0
Equation number 15 : 0
Equation number 16 : 0
Equation number 17 : 0
Equation number 18 : 0
Equation number 19 : 0
Equation number 20 : 0
Equation number 21 : 0
Equation number 22 : 0
Equation number 23 : 0
Equation number 24 : 0
Equation number 25 : 0



STEADY-STATE RESULTS:

c      		 0
ch     		 0
cf     		 0
prh    		 0
rer    		 0
rnom   		 0
pic    		 0
pih    		 0
lab    		 0
rw     		 0
y      		 0
mchr   		 0
a      		 0
g      		 0
z      		 0
cstar  		 0
varphi 		 0
gammaH 		 0
dep    		 0
bstar  		 0
chstar 		 0
istar  		 0
pistar 		 0
tb     		 0
fx     		 0

EIGENVALUES:
         Modulus             Real        Imaginary

               0                0                0
               0                0                0
          0.3165           0.3165                0
             0.7              0.7                0
             0.8              0.8                0
            0.85             0.85                0
            0.85             0.85                0
             0.9              0.9                0
             0.9              0.9                0
             0.9              0.9                0
          0.9159           0.9159                0
            0.95             0.95                0
           1.093            1.093                0
           1.197            1.146           0.3481
           1.197            1.146          -0.3481
             Inf             -Inf                0
             Inf             -Inf                0


There are 5 eigenvalue(s) larger than 1 in modulus 
for 5 forward-looking variable(s)

The rank condition is verified.


MODEL SUMMARY

  Number of variables:         25
  Number of stochastic shocks: 9
  Number of state variables:   12
  Number of jumpers:           5
  Number of static variables:  10


MATRIX OF COVARIANCE OF EXOGENOUS SHOCKS
Variables         e_a       e_g       e_z   e_cstar   e_istar  e_pistar  e_varphi  e_gammaH      e_fx
e_a          0.490000  0.000000  0.000000  0.000000  0.000000  0.000000  0.000000  0.000000  0.000000
e_g          0.000000  0.250000  0.000000  0.000000  0.000000  0.000000  0.000000  0.000000  0.000000
e_z          0.000000  0.000000  0.062500  0.000000  0.000000  0.000000  0.000000  0.000000  0.000000
e_cstar      0.000000  0.000000  0.000000  1.000000  0.000000  0.000000  0.000000  0.000000  0.000000
e_istar      0.000000  0.000000  0.000000  0.000000  0.062500  0.000000  0.000000  0.000000  0.000000
e_pistar     0.000000  0.000000  0.000000  0.000000  0.000000  0.062500  0.000000  0.000000  0.000000
e_varphi     0.000000  0.000000  0.000000  0.000000  0.000000  0.000000  0.062500  0.000000  0.000000
e_gammaH     0.000000  0.000000  0.000000  0.000000  0.000000  0.000000  0.000000  0.250000  0.000000
e_fx         0.000000  0.000000  0.000000  0.000000  0.000000  0.000000  0.000000  0.000000  1.000000

POLICY AND TRANSITION FUNCTIONS
                                   c              ch              cf             prh             rer            rnom             pic             pih             lab              rw               y            mchr               a               g               z           cstar          varphi          gammaH             dep           bstar          chstar           istar          pistar              tb              fx
a(-1)                      -0.554922       -0.291919       -1.168598       -0.526007        1.227350        0.380299        0.253533       -0.272474       -0.841340       -1.396262        0.058660       -2.296262        0.900000               0               0               0               0               0        1.480883       -0.087576        0.876679               0               0        0.087576               0
g(-1)                       0.215045        0.208963        0.229237        0.012165       -0.028384        0.168002        0.112001        0.124166        0.140192        0.355237        0.140192        0.355237               0        0.800000               0               0               0               0        0.083617        0.062689       -0.020274               0               0       -0.062689               0
z(-1)                       0.122692       -0.098913        0.639770        0.443210       -1.034156       -0.717911       -0.945274       -0.502064       -0.290844       -0.168152       -0.290844       -0.168152               0               0        0.700000               0               0               0       -1.979431       -0.029674       -0.738683               0               0        0.029674               0
cstar(-1)                   0.982223        0.793741        1.422015        0.376964       -0.879583       -0.389664       -0.259776        0.117188        0.622137        1.604360        0.622137        1.604360               0               0               0        0.850000               0               0       -1.139359       -0.016878        0.221727               0               0        0.016878               0
varphi(-1)                 -1.764445       -1.407530       -2.597247       -0.713831        1.665605        1.332996        0.888664        0.174833       -0.628356       -2.392801       -0.628356       -2.392801               0               0               0               0        0.850000               0        2.554268       -0.422259        1.189718               0               0        0.422259               0
bstar(-1)                  -0.920122       -0.752387       -1.311506       -0.335472        0.782767        0.481238        0.320826       -0.014646       -0.358935       -1.279057       -0.358935       -1.279057               0               0               0               0               0               0        1.103593        0.779309        0.559119               0               0        0.225716               0
istar(-1)                  -3.013834       -2.455139       -4.317456       -1.117390        2.607244        1.870562        1.247041        0.129651       -1.159902       -4.173737       -1.159902       -4.173737               0               0               0               0               0               0        3.854285       -0.736542        1.862317        0.950000               0        0.736542               0
fx(-1)                      0.467814        0.387284        0.655718        0.161060       -0.375807       -0.167465       -0.111643        0.049417        0.190568        0.658382        0.190568        0.658382               0               0               0               0               0               0       -0.487451        0.011160       -0.268434               0               0       -0.116185        0.900000
rer(-1)                     0.172104        0.269196       -0.054443       -0.194184        0.453095       -0.204207       -0.136138        0.098250        0.285529        0.457634        0.285529        0.457634               0               0               0               0               0               0       -0.683043        0.080759        0.323639               0               0       -0.080759               0
pistar(-1)                  2.035388        1.642963        2.951047        0.784850       -1.831318       -1.411980       -0.941320       -0.156469        0.757649        2.793036        0.757649        2.793036               0               0               0               0               0               0       -3.672637        0.492889       -1.308084               0        0.900000       -0.492889               0
e_a                        -0.616581       -0.324354       -1.298442       -0.584453        1.363723        0.422555        0.281703       -0.302749       -0.934822       -1.551402        0.065178       -2.551402        1.000000               0               0               0               0               0        1.645426       -0.097306        0.974088               0               0        0.097306               0
e_g                         0.268806        0.261203        0.286546        0.015206       -0.035480        0.210003        0.140002        0.155207        0.175239        0.444046        0.175239        0.444046               0        1.000000               0               0               0               0        0.104522        0.078361       -0.025343               0               0       -0.078361               0
e_z                         0.175274       -0.141304        0.913957        0.633157       -1.477366       -1.025587       -1.350392       -0.717235       -0.415491       -0.240217       -0.415491       -0.240217               0               0        1.000000               0               0               0       -2.827758       -0.042391       -1.055262               0               0        0.042391               0
e_cstar                     1.155557        0.933813        1.672958        0.443487       -1.034803       -0.458428       -0.305619        0.137868        0.731926        1.887482        0.731926        1.887482               0               0               0        1.000000               0               0       -1.340422       -0.019856        0.260855               0               0        0.019856               0
e_istar                    -3.172457       -2.584357       -4.544691       -1.176200        2.744467        1.969013        1.312675        0.136475       -1.220950       -4.393407       -1.220950       -4.393407               0               0               0               0               0               0        4.057142       -0.775307        1.960334        1.000000               0        0.775307               0
e_pistar                    2.261542        1.825514        3.278941        0.872056       -2.034797       -1.568866       -1.045911       -0.173855        0.841832        3.103374        0.841832        3.103374               0               0               0               0               0               0       -4.080708        0.547654       -1.453427               0        1.000000       -0.547654               0
e_varphi                   -2.075818       -1.655917       -3.055585       -0.839801        1.959535        1.568230        1.045487        0.205686       -0.739242       -2.815060       -0.739242       -2.815060               0               0               0               0        1.000000               0        3.005021       -0.496775        1.399668               0               0        0.496775               0
e_gammaH                   -0.401577       -0.628125        0.127034        0.453095       -1.057222        0.476482        0.317655        0.770750       -0.666235       -1.067812       -0.666235       -1.067812               0               0               0               0               0        1.000000       -0.739567       -0.188437       -0.755159               0               0        0.188437               0
e_fx                       -0.502565       -0.405670       -0.728654       -0.193790        0.452177        0.348637        0.232425        0.038634       -0.187074       -0.689639       -0.187074       -0.689639               0               0               0               0               0               0        0.684602        0.878299        0.322984               0               0        0.121701        1.000000


THEORETICAL MOMENTS
VARIABLE         MEAN  STD. DEV.   VARIANCE
c              0.0000     3.1555     9.9571
ch             0.0000     1.9696     3.8793
cf             0.0000     6.7126    45.0593
prh            0.0000     3.2801    10.7592
rer            0.0000     7.6536    58.5779
rnom           0.0000     1.2716     1.6170
pic            0.0000     0.9278     0.8609
pih            0.0000     0.8236     0.6783
lab            0.0000     1.3643     1.8614
rw             0.0000     3.9938    15.9504
y              0.0000     1.6252     2.6413
mchr           0.0000     4.7713    22.7656
a              0.0000     1.6059     2.5789
g              0.0000     0.8333     0.6944
z              0.0000     0.3501     0.1225
cstar          0.0000     1.8983     3.6036
varphi         0.0000     0.4746     0.2252
gammaH         0.0000     0.5000     0.2500
dep            0.0000     2.8160     7.9299
bstar          0.0000     3.7598    14.1358
chstar         0.0000     4.6864    21.9621
istar          0.0000     0.8006     0.6410
pistar         0.0000     0.5735     0.3289
tb             0.0000     0.4322     0.1868
fx             0.0000     2.2942     5.2632



VARIANCE DECOMPOSITION (in percent)
               e_a       e_g       e_z   e_cstar   e_istar  e_pistar  e_varphi  e_gammaH      e_fx
c             9.09      0.43      0.48     63.81     12.45      5.14      3.76      0.77      4.06
ch            5.19      0.70      0.94     57.94     15.19      6.72      5.16      2.85      5.31
cf           23.38      0.31      1.15     56.36      9.12      3.65      2.63      0.51      2.88
prh          38.18      0.29      2.11     45.22      6.46      2.61      1.94      1.12      2.06
rer          38.18      0.29      2.11     45.22      6.46      2.61      1.94      1.12      2.06
rnom          6.32      3.38      5.41     22.28     22.43     13.35     12.44      3.84     10.55
pic           5.27      2.82     21.04     18.60     18.73     11.14     10.38      3.21      8.81
pih          11.12      3.02     15.23     17.78     12.22      6.82      5.70     22.73      5.39
lab          30.73      0.86      5.71     38.51      6.94      3.82      3.47      6.92      3.02
rw           14.04      0.49      0.66     60.04     10.67      4.72      3.63      2.01      3.73
y            51.19      0.61      4.03     27.14      4.89      2.69      2.45      4.88      2.13
mchr         39.77      0.35      0.46     42.07      7.48      3.31      2.54      1.41      2.62
a           100.00      0.00      0.00      0.00      0.00      0.00      0.00      0.00      0.00
g             0.00    100.00      0.00      0.00      0.00      0.00      0.00      0.00      0.00
z             0.00      0.00    100.00      0.00      0.00      0.00      0.00      0.00      0.00
cstar         0.00      0.00      0.00    100.00      0.00      0.00      0.00      0.00      0.00
varphi        0.00      0.00      0.00      0.00      0.00      0.00    100.00      0.00      0.00
gammaH        0.00      0.00      0.00      0.00      0.00      0.00      0.00    100.00      0.00
dep          18.43      0.48      7.28     25.72     14.13     17.23      7.66      2.67      6.40
bstar         8.41      0.69      1.05     24.00     37.00      6.42      2.56      0.79     19.07
chstar       51.96      0.40      2.87     25.45      8.80      3.55      2.64      1.52      2.81
istar         0.00      0.00      0.00      0.00    100.00      0.00      0.00      0.00      0.00
pistar        0.00      0.00      0.00      0.00      0.00    100.00      0.00      0.00      0.00
tb            9.70      1.31      1.76     21.39     28.38     12.56      9.64      5.33      9.93
fx            0.00      0.00      0.00      0.00      0.00      0.00      0.00      0.00    100.00



MATRIX OF CORRELATIONS
Variables         c      ch      cf     prh     rer    rnom     pic     pih     lab      rw       y    mchr       a       g       z   cstar  varphi  gammaH     dep   bstar  chstar   istar  pistar      tb      fx
c            1.0000  0.8967  0.9530  0.8471 -0.8471 -0.7673 -0.7048 -0.3783  0.4799  0.9540  0.1652  0.8795 -0.2405  0.0311  0.0150  0.7400 -0.1430 -0.0636 -0.5465 -0.4327 -0.6884 -0.1787  0.1500 -0.2509 -0.1333
ch           0.8967  1.0000  0.7205  0.5244 -0.5244 -0.8063 -0.7189 -0.2612  0.5811  0.9070  0.5725  0.7304  0.0857  0.0660 -0.0707  0.7231 -0.1236 -0.1595 -0.6378 -0.3063 -0.3189 -0.1559  0.1301 -0.4143 -0.1157
cf           0.9530  0.7205  1.0000  0.9683 -0.9683 -0.6503 -0.6122 -0.4140  0.3541  0.8739 -0.1331  0.8781 -0.4355  0.0035  0.0719  0.6645 -0.1395  0.0095 -0.4196 -0.4683 -0.8604 -0.1734  0.1459 -0.1094 -0.1297
prh          0.8471  0.5244  0.9683  1.0000 -1.0000 -0.5080 -0.4927 -0.4142  0.2254  0.7463 -0.3696  0.8150 -0.5656 -0.0195  0.1137  0.5554 -0.1268  0.0691 -0.2854 -0.4646 -0.9416 -0.1567  0.1323  0.0149 -0.1176
rer         -0.8471 -0.5244 -0.9683 -1.0000  1.0000  0.5080  0.4927  0.4142 -0.2254 -0.7463  0.3696 -0.8150  0.5656  0.0195 -0.1137 -0.5554  0.1268 -0.0691  0.2854  0.4646  0.9416  0.1567 -0.1323 -0.0149  0.1176
rnom        -0.7673 -0.8063 -0.6503 -0.5080  0.5080  1.0000  0.9695  0.4538 -0.4830 -0.7712 -0.3179 -0.6754  0.0886  0.1787 -0.2218 -0.4181  0.2917  0.1874  0.8135  0.1169  0.4232  0.3247 -0.2870  0.5514  0.2551
pic         -0.7048 -0.7189 -0.6122 -0.4927  0.4927  0.9695  1.0000  0.5092 -0.3889 -0.6897 -0.2465 -0.6046  0.0810  0.1633 -0.4542 -0.3820  0.2665  0.1712  0.8042  0.1162  0.4200  0.2967 -0.2622  0.4795  0.2330
pih         -0.3783 -0.2612 -0.4140 -0.4142  0.4142  0.4538  0.5092  1.0000  0.3507 -0.1791  0.1619 -0.1048 -0.1340  0.1684 -0.3758 -0.0985  0.2245  0.4679 -0.0738  0.1530  0.4433  0.3030 -0.2427  0.2273  0.2157
lab          0.4799  0.5811  0.3541  0.2254 -0.2254 -0.4830 -0.3889  0.3507  1.0000  0.7208  0.4338  0.7415 -0.4106  0.0901 -0.2082  0.4804  0.0275 -0.2442 -0.6609 -0.0255 -0.0684  0.0309 -0.0275 -0.1613  0.0245
rw           0.9540  0.9070  0.8739  0.7463 -0.7463 -0.7712 -0.6897 -0.1791  0.7208  1.0000  0.2787  0.9482 -0.3303  0.0553 -0.0593  0.7488 -0.1036 -0.1337 -0.6575 -0.3505 -0.5673 -0.1307  0.1091 -0.2533 -0.0970
y            0.1652  0.5725 -0.1331 -0.3696  0.3696 -0.3179 -0.2465  0.1619  0.4338  0.2787  1.0000  0.0167  0.6435  0.0756 -0.1748  0.4033  0.0231 -0.2050 -0.3765  0.1180  0.5946  0.0259 -0.0231 -0.2512  0.0205
mchr         0.8795  0.7304  0.8781  0.8150 -0.8150 -0.6754 -0.6046 -0.1048  0.7415  0.9482  0.0167  1.0000 -0.6130  0.0463 -0.0496  0.6268 -0.0867 -0.1119 -0.6111 -0.3409 -0.6969 -0.1094  0.0913 -0.1726 -0.0812
a           -0.2405  0.0857 -0.4355 -0.5656  0.5656  0.0886  0.0810 -0.1340 -0.4106 -0.3303  0.6435 -0.6130  1.0000  0.0000  0.0000  0.0000  0.0000  0.0000  0.1804  0.1411  0.6598  0.0000  0.0000 -0.1172  0.0000
g            0.0311  0.0660  0.0035 -0.0195  0.0195  0.1787  0.1633  0.1684  0.0901  0.0553  0.0756  0.0463  0.0000  1.0000  0.0000  0.0000  0.0000  0.0000  0.0644  0.0529  0.0227  0.0000  0.0000 -0.0902  0.0000
z            0.0150 -0.0707  0.0719  0.1137 -0.1137 -0.2218 -0.4542 -0.3758 -0.2082 -0.0593 -0.1748 -0.0496  0.0000  0.0000  1.0000  0.0000  0.0000  0.0000 -0.2424 -0.0375 -0.1327  0.0000  0.0000  0.0967  0.0000
cstar        0.7400  0.7231  0.6645  0.5554 -0.5554 -0.4181 -0.3820 -0.0985  0.4804  0.7488  0.4033  0.6268  0.0000  0.0000  0.0000  1.0000  0.0000  0.0000 -0.3523 -0.2596 -0.2429  0.0000  0.0000  0.3291  0.0000
varphi      -0.1430 -0.1236 -0.1395 -0.1268  0.1268  0.2917  0.2665  0.2245  0.0275 -0.1036  0.0231 -0.0867  0.0000  0.0000  0.0000  0.0000  1.0000  0.0000  0.1395 -0.1333  0.1479  0.0000  0.0000  0.1689  0.0000
gammaH      -0.0636 -0.1595  0.0095  0.0691 -0.0691  0.1874  0.1712  0.4679 -0.2442 -0.1337 -0.2050 -0.1119  0.0000  0.0000  0.0000  0.0000  0.0000  1.0000 -0.1313 -0.0251 -0.0806  0.0000  0.0000  0.2180  0.0000
dep         -0.5465 -0.6378 -0.4196 -0.2854  0.2854  0.8135  0.8042 -0.0738 -0.6609 -0.6575 -0.3765 -0.6111  0.1804  0.0644 -0.2424 -0.3523  0.1395 -0.1313  1.0000 -0.0204  0.1902  0.1190 -0.3260  0.4078  0.1087
bstar       -0.4327 -0.3063 -0.4683 -0.4646  0.4646  0.1169  0.1162  0.1530 -0.0255 -0.3505  0.1180 -0.3409  0.1411  0.0529 -0.0375 -0.2596 -0.1333 -0.0251 -0.0204  1.0000  0.4368 -0.5416  0.2142  0.0767  0.4198
chstar      -0.6884 -0.3189 -0.8604 -0.9416  0.9416  0.4232  0.4200  0.4433 -0.0684 -0.5673  0.5946 -0.6969  0.6598  0.0227 -0.1327 -0.2429  0.1479 -0.0806  0.1902  0.4368  1.0000  0.1828 -0.1543  0.1159  0.1372
istar       -0.1787 -0.1559 -0.1734 -0.1567  0.1567  0.3247  0.2967  0.3030  0.0309 -0.1307  0.0259 -0.1094  0.0000  0.0000  0.0000  0.0000  0.0000  0.0000  0.1190 -0.5416  0.1828  1.0000  0.0000  0.2131  0.0000
pistar       0.1500  0.1301  0.1459  0.1323 -0.1323 -0.2870 -0.2622 -0.2427 -0.0275  0.1091 -0.0231  0.0913  0.0000  0.0000  0.0000  0.0000  0.0000  0.0000 -0.3260  0.2142 -0.1543  0.0000  1.0000 -0.1779  0.0000
tb          -0.2509 -0.4143 -0.1094  0.0149 -0.0149  0.5514  0.4795  0.2273 -0.1613 -0.2533 -0.2512 -0.1726 -0.1172 -0.0902  0.0967  0.3291  0.1689  0.2180  0.4078  0.0767  0.1159  0.2131 -0.1779  1.0000  0.1581
fx          -0.1333 -0.1157 -0.1297 -0.1176  0.1176  0.2551  0.2330  0.2157  0.0245 -0.0970  0.0205 -0.0812  0.0000  0.0000  0.0000  0.0000  0.0000  0.0000  0.1087  0.4198  0.1372  0.0000  0.0000  0.1581  1.0000



COEFFICIENTS OF AUTOCORRELATION
Order          1       2       3       4       5
c         0.8127  0.7220  0.6628  0.6147  0.5713
ch        0.6388  0.4976  0.4282  0.3834  0.3482
cf        0.9182  0.8552  0.7993  0.7468  0.6969
prh       0.9646  0.9118  0.8552  0.7991  0.7452
rer       0.9646  0.9118  0.8552  0.7991  0.7452
rnom      0.5244  0.3541  0.2822  0.2432  0.2160
pic       0.5433  0.3680  0.2873  0.2410  0.2088
pih       0.6309  0.5463  0.4713  0.4069  0.3518
lab       0.4818  0.2805  0.1866  0.1326  0.0958
rw        0.6749  0.5449  0.4786  0.4344  0.3987
y         0.7261  0.5923  0.5093  0.4477  0.3975
mchr      0.7248  0.6070  0.5413  0.4941  0.4546
a         0.9000  0.8100  0.7290  0.6561  0.5905
g         0.8000  0.6400  0.5120  0.4096  0.3277
z         0.7000  0.4900  0.3430  0.2401  0.1681
cstar     0.8500  0.7225  0.6141  0.5220  0.4437
varphi    0.8500  0.7225  0.6141  0.5220  0.4437
gammaH    0.0000  0.0000  0.0000  0.0000  0.0000
dep       0.3154  0.1120  0.0446  0.0209  0.0115
bstar     0.9645  0.9274  0.8895  0.8512  0.8130
chstar    0.9599  0.9053  0.8479  0.7916  0.7377
istar     0.9500  0.9025  0.8574  0.8145  0.7738
pistar    0.9000  0.8100  0.7290  0.6561  0.5905
tb        0.5593  0.3636  0.2554  0.1832  0.1290
fx        0.9000  0.8100  0.7290  0.6561  0.5905
Total computing time : 0h00m00s
