Starting Dynare (version 4.5.7).
Starting preprocessing of the model file ...
Found 24 equation(s).
Evaluating expressions...done
Computing static model derivatives:
 - order 1
Computing dynamic model derivatives:
 - order 1
 - order 2
Processing outputs ...
done
Preprocessing completed.




Residuals of the static equations:

Equation number 1 : 0
Equation number 2 : 0
Equation number 3 : 0
Equation number 4 : 0
Equation number 5 : 0
Equation number 6 : 0
Equation number 7 : 0
Equation number 8 : 0
Equation number 9 : 0
Equation number 10 : 0
Equation number 11 : 0
Equation number 12 : 0
Equation number 13 : 0
Equation number 14 : 0
Equation number 15 : 0
Equation number 16 : 0
Equation number 17 : 0
Equation number 18 : 0
Equation number 19 : 0
Equation number 20 : 0
Equation number 21 : 0
Equation number 22 : 0
Equation number 23 : 0
Equation number 24 : 0



STEADY-STATE RESULTS:

c      		 0
ch     		 0
cf     		 0
prh    		 0
rer    		 0
rnom   		 0
pic    		 0
pih    		 0
lab    		 0
rw     		 0
y      		 0
mchr   		 0
a      		 0
g      		 0
z      		 0
cstar  		 0
varphi 		 0
gammaH 		 0
dep    		 0
bstar  		 0
chstar 		 0
istar  		 0
pistar 		 0
tb     		 0

EIGENVALUES:
         Modulus             Real        Imaginary

               0               -0                0
       1.636e-18        1.636e-18                0
          0.5949           0.5949                0
             0.7              0.7                0
             0.8              0.8                0
            0.85             0.85                0
            0.85             0.85                0
             0.9              0.9                0
             0.9              0.9                0
            0.95             0.95                0
          0.9949           0.9949                0
            1.01             1.01                0
           1.085            1.085                0
           1.324            1.324                0
             Inf              Inf                0
             Inf              Inf                0


There are 5 eigenvalue(s) larger than 1 in modulus 
for 5 forward-looking variable(s)

The rank condition is verified.


MODEL SUMMARY

  Number of variables:         24
  Number of stochastic shocks: 8
  Number of state variables:   11
  Number of jumpers:           5
  Number of static variables:  10


MATRIX OF COVARIANCE OF EXOGENOUS SHOCKS
Variables         e_a       e_g       e_z   e_cstar   e_istar  e_pistar  e_varphi  e_gammaH
e_a          0.490000  0.000000  0.000000  0.000000  0.000000  0.000000  0.000000  0.000000
e_g          0.000000  0.250000  0.000000  0.000000  0.000000  0.000000  0.000000  0.000000
e_z          0.000000  0.000000  0.062500  0.000000  0.000000  0.000000  0.000000  0.000000
e_cstar      0.000000  0.000000  0.000000  1.000000  0.000000  0.000000  0.000000  0.000000
e_istar      0.000000  0.000000  0.000000  0.000000  0.062500  0.000000  0.000000  0.000000
e_pistar     0.000000  0.000000  0.000000  0.000000  0.000000  0.062500  0.000000  0.000000
e_varphi     0.000000  0.000000  0.000000  0.000000  0.000000  0.000000  0.062500  0.000000
e_gammaH     0.000000  0.000000  0.000000  0.000000  0.000000  0.000000  0.000000  0.250000

POLICY AND TRANSITION FUNCTIONS
                                   c              ch              cf             prh             rer            rnom             pic             pih             lab              rw               y            mchr               a               g               z           cstar          varphi          gammaH             dep           bstar          chstar           istar          pistar              tb
rnom(-1)                   -2.073375       -2.598890       -0.847175        1.051029       -2.452400        0.594889       -2.184855       -1.133826       -2.344737       -4.418112       -2.344737       -4.418112               0               0               0               0               0               0       -4.637255       -0.779667       -1.751714               0               0        0.779667
a(-1)                       0.261316        0.404156       -0.071978       -0.285681        0.666589       -0.043926        0.090455       -0.195226       -0.474250       -0.212934        0.425750       -1.112934        0.900000               0               0               0               0               0        0.757044        0.121247        0.476135               0               0       -0.121247
g(-1)                       0.562246        0.530725        0.635796        0.063043       -0.147100        0.034893        0.092039        0.155081        0.339986        0.902232        0.339986        0.902232               0        0.800000               0               0               0               0       -0.055062        0.159217       -0.105072               0               0       -0.159217
z(-1)                      -4.554740       -5.764237       -1.732580        2.418994       -5.644319       -0.036114       -5.690610       -3.271616       -5.244463       -9.799203       -5.244463       -9.799203               0               0        0.700000               0               0               0      -11.334930       -1.729271       -4.031657               0               0        1.729271
cstar(-1)                   0.065278        0.004352        0.207439        0.121852       -0.284322        0.006537       -0.092801        0.029051        0.197120        0.262398        0.197120        0.262398               0               0               0        0.850000               0               0       -0.377123       -0.253694        0.646913               0               0        0.253694
varphi(-1)                 -1.634722       -0.845648       -3.475895       -1.578148        3.682345        0.006537        1.607199        0.029051        0.197120       -1.437602        0.197120       -1.437602               0               0               0               0        0.850000               0        5.289544       -0.253694        2.630246               0               0        0.253694
bstar(-1)                  -0.062158       -0.033490       -0.129049       -0.057335        0.133782        0.000029        0.057464        0.000129        0.005224       -0.056933        0.005224       -0.056933               0               0               0               0               0               0        0.191245        0.994978        0.095558               0               0        0.010047
istar(-1)                  -4.925695       -2.592104      -10.370742       -4.667183       10.890094        0.016000        4.738293        0.071110        0.519119       -4.406576        0.519119       -4.406576               0               0               0               0               0               0       15.628387       -0.777631        7.778639        0.950000               0        0.777631
rer(-1)                            0               0               0               0               0               0       -0.428571               0               0               0               0               0               0               0               0               0               0               0       -1.428571               0               0               0               0               0
pistar(-1)                  2.275968        1.185181        4.821140        2.181575       -5.090343       -0.008828       -2.220813       -0.039238       -0.261161        2.014807       -0.261161        2.014807               0               0               0               0               0               0       -8.211156        0.355554       -3.635959               0        0.900000       -0.355554
e_a                         0.290351        0.449062       -0.079976       -0.317423        0.740654       -0.048806        0.100506       -0.216918       -0.526945       -0.236594        0.473055       -1.236594        1.000000               0               0               0               0               0        0.841159        0.134719        0.529039               0               0       -0.134719
e_g                         0.702808        0.663406        0.794745        0.078804       -0.183875        0.043617        0.115048        0.193852        0.424982        1.127790        0.424982        1.127790               0        1.000000               0               0               0               0       -0.068827        0.199022       -0.131339               0               0       -0.199022
e_z                        -6.506772       -8.234625       -2.475115        3.455706       -8.063314       -0.051591       -8.129443       -4.673737       -7.492090      -13.998862       -7.492090      -13.998862               0               0        1.000000               0               0               0      -16.192757       -2.470387       -5.759510               0               0        2.470387
e_cstar                     0.076798        0.005120        0.244046        0.143356       -0.334496        0.007690       -0.109178        0.034178        0.231906        0.308704        0.231906        0.308704               0               0               0        1.000000               0               0       -0.443674       -0.298464        0.761074               0               0        0.298464
e_istar                    -5.184942       -2.728530      -10.916571       -4.912824       11.463257        0.016842        4.987677        0.074852        0.546441       -4.638501        0.546441       -4.638501               0               0               0               0               0               0       16.450934       -0.818559        8.188041        1.000000               0        0.818559
e_pistar                    2.528854        1.316867        5.356822        2.423973       -5.655936       -0.009809       -2.467570       -0.043597       -0.290179        2.238675       -0.290179        2.238675               0               0               0               0               0               0       -9.123507        0.395060       -4.039955               0        1.000000       -0.395060
e_varphi                   -1.923202       -0.994880       -4.089288       -1.856644        4.332170        0.007690        1.890822        0.034178        0.231906       -1.691296        0.231906       -1.691296               0               0               0               0        1.000000               0        6.222993       -0.298464        3.094407               0               0        0.298464
e_gammaH                   -0.548835       -0.687941       -0.224252        0.278213       -0.649165        0.157471        0.421656        0.699869       -0.620666       -1.169500       -0.620666       -1.169500               0               0               0               0               0        1.000000       -0.227509       -0.206382       -0.463689               0               0        0.206382


THEORETICAL MOMENTS
VARIABLE         MEAN  STD. DEV.   VARIANCE
c              0.0000     5.4887    30.1257
ch             0.0000     4.0279    16.2240
cf             0.0000    10.4584   109.3788
prh            0.0000     4.9068    24.0766
rer            0.0000    11.4492   131.0839
rnom           0.0000     0.2239     0.0501
pic            0.0000     2.6612     7.0821
pih            0.0000     1.6708     2.7914
lab            0.0000     2.7369     7.4908
rw             0.0000     6.6581    44.3303
y              0.0000     2.9227     8.5424
mchr           0.0000     6.8194    46.5042
a              0.0000     1.6059     2.5789
g              0.0000     0.8333     0.6944
z              0.0000     0.3501     0.1225
cstar          0.0000     1.8983     3.6036
varphi         0.0000     0.4746     0.2252
gammaH         0.0000     0.5000     0.2500
dep            0.0000     6.5060    42.3278
bstar          0.0000    52.9732  2806.1629
chstar         0.0000     8.2112    67.4239
istar          0.0000     0.8006     0.6410
pistar         0.0000     0.5735     0.3289
tb             0.0000     1.3290     1.7664



VARIANCE DECOMPOSITION (in percent)
               e_a       e_g       e_z   e_cstar   e_istar  e_pistar  e_varphi  e_gammaH
c             4.10      0.81     19.75      5.47     59.30      7.26      2.87      0.44
ch            8.09      1.15     49.76      2.80     31.76      3.82      1.49      1.14
cf            3.63      0.41      6.08      6.86     70.68      8.74      3.49      0.11
prh           6.23      0.14     12.09      6.55     63.62      7.95      3.20      0.23
rer           6.23      0.14     12.09      6.55     63.62      7.95      3.20      0.23
rnom         62.54     11.50      2.48      1.97      1.93      0.32      0.12     19.14
pic           0.34      0.09     67.04      0.18     22.59      5.67      3.42      0.66
pih           1.50      0.47     93.10      0.06      0.03      0.01      0.00      4.83
lab           3.80      0.87     89.15      1.97      1.82      0.27      0.12      2.00
rw            1.83      1.22     52.63      3.92     33.59      4.04      1.57      1.21
y            15.64      0.77     78.18      1.73      1.60      0.23      0.11      1.76
mchr          6.42      1.16     50.17      3.74     32.02      3.85      1.50      1.15
a           100.00      0.00      0.00      0.00      0.00      0.00      0.00      0.00
g             0.00    100.00      0.00      0.00      0.00      0.00      0.00      0.00
z             0.00      0.00    100.00      0.00      0.00      0.00      0.00      0.00
cstar         0.00      0.00      0.00    100.00      0.00      0.00      0.00      0.00
varphi        0.00      0.00      0.00      0.00      0.00      0.00    100.00      0.00
gammaH        0.00      0.00      0.00      0.00      0.00      0.00      0.00    100.00
dep           0.90      0.02     38.72      0.47     41.32     12.29      6.23      0.05
bstar         8.59      0.29     13.55     14.88     57.94      3.59      0.93      0.23
chstar        6.18      0.14     11.99      7.31     63.10      7.88      3.17      0.22
istar         0.00      0.00      0.00      0.00    100.00      0.00      0.00      0.00
pistar        0.00      0.00      0.00      0.00      0.00    100.00      0.00      0.00
tb            6.69      0.95     41.13     19.65     26.25      3.16      1.23      0.94



MATRIX OF CORRELATIONS
Variables         c      ch      cf     prh     rer    rnom     pic     pih     lab      rw       y    mchr       a       g       z   cstar  varphi  gammaH     dep   bstar  chstar   istar  pistar      tb
c            1.0000  0.9121  0.9297  0.7397 -0.7397 -0.1403  0.2095  0.3446  0.2235  0.9162  0.2695  0.8687  0.1096  0.0803 -0.3846  0.0537 -0.1595 -0.0500  0.0575 -0.3750 -0.7243 -0.6340  0.2454 -0.8063
ch           0.9121  1.0000  0.6970  0.3988 -0.3988 -0.2065  0.4535  0.6207  0.5270  0.9686  0.6325  0.8861  0.2529  0.0974 -0.6854  0.0132 -0.1145 -0.0854  0.2307 -0.2408 -0.3942 -0.4631  0.1776 -0.9036
cf           0.9297  0.6970  1.0000  0.9356 -0.9356 -0.0599 -0.0411  0.0451 -0.0827  0.7324 -0.0969  0.7235 -0.0355  0.0529 -0.0570  0.0821 -0.1761 -0.0107 -0.1068 -0.4397 -0.9128 -0.6930  0.2697 -0.5985
prh          0.7397  0.3988  0.9356  1.0000 -1.0000  0.0252 -0.2759 -0.2480 -0.3653  0.4596 -0.4355  0.4888 -0.1700  0.0197  0.2647  0.0985 -0.1688  0.0283 -0.2502 -0.4436 -0.9732 -0.6581  0.2574 -0.3204
rer         -0.7397 -0.3988 -0.9356 -1.0000  1.0000 -0.0252  0.2759  0.2480  0.3653 -0.4596  0.4355 -0.4888  0.1700 -0.0197 -0.2647 -0.0985  0.1688 -0.0283  0.2502  0.4436  0.9732  0.6581 -0.2574  0.3204
rnom        -0.1403 -0.2065 -0.0599  0.0252 -0.0252  1.0000  0.1472  0.2710  0.2337 -0.0196 -0.1948  0.1581 -0.7528  0.3099 -0.1387  0.1311  0.0328  0.3517  0.0431 -0.0809  0.0052  0.1350 -0.0535  0.2439
pic          0.2095  0.4535 -0.0411 -0.2759  0.2759  0.1472  1.0000  0.7574  0.7320  0.4736  0.6664  0.4706 -0.0348  0.0298 -0.7521 -0.0137  0.0501  0.0792  0.9142  0.0408  0.2716  0.0704 -0.0522 -0.4182
pih          0.3446  0.6207  0.0451 -0.2480  0.2480  0.2710  0.7574  1.0000  0.9280  0.6656  0.8112  0.6747 -0.1053  0.0591 -0.9647  0.0217  0.0054  0.2094  0.4342  0.0451  0.2520  0.0155 -0.0075 -0.5550
lab          0.2235  0.5270 -0.0827 -0.3653  0.3653  0.2337  0.7320  0.9280  1.0000  0.5953  0.8410  0.6221 -0.1738  0.0828 -0.9434  0.1333  0.0333 -0.1134  0.4462  0.0992  0.3946  0.1128 -0.0477 -0.4220
rw           0.9162  0.9686  0.7324  0.4596 -0.4596 -0.0196  0.4736  0.6656  0.5953  1.0000  0.5678  0.9719  0.0189  0.1002 -0.7049  0.0991 -0.1178 -0.0878  0.2308 -0.2684 -0.4349 -0.4763  0.1827 -0.8382
y            0.2695  0.6325 -0.0969 -0.4355  0.4355 -0.1948  0.6664  0.8112  0.8410  0.5678  1.0000  0.4633  0.3867  0.0775 -0.8834  0.1248  0.0312 -0.1062  0.4265  0.1261  0.4626  0.1056 -0.0447 -0.5215
mchr         0.8687  0.8861  0.7235  0.4888 -0.4888  0.1581  0.4706  0.6747  0.6221  0.9719  0.4633  1.0000 -0.2170  0.0978 -0.6882  0.0967 -0.1150 -0.0857  0.2216 -0.2763 -0.4644 -0.4650  0.1784 -0.7642
a            0.1096  0.2529 -0.0355 -0.1700  0.1700 -0.7528 -0.0348 -0.1053 -0.1738  0.0189  0.3867 -0.2170  1.0000  0.0000  0.0000  0.0000  0.0000  0.0000  0.0157  0.0604  0.1694  0.0000  0.0000 -0.2300
g            0.0803  0.0974  0.0529  0.0197 -0.0197  0.3099  0.0298  0.0591  0.0828  0.1002  0.0775  0.0978  0.0000  1.0000  0.0000  0.0000  0.0000  0.0000  0.0053  0.0113 -0.0196  0.0000  0.0000 -0.0886
z           -0.3846 -0.6854 -0.0570  0.2647 -0.2647 -0.1387 -0.7521 -0.9647 -0.9434 -0.7049 -0.8834 -0.6882  0.0000  0.0000  1.0000  0.0000  0.0000  0.0000 -0.4474 -0.0527 -0.2637  0.0000  0.0000  0.6232
cstar        0.0537  0.0132  0.0821  0.0985 -0.0985  0.1311 -0.0137  0.0217  0.1333  0.0991  0.1248  0.0967  0.0000  0.0000  0.0000  1.0000  0.0000  0.0000 -0.0316 -0.0717  0.1331  0.0000  0.0000  0.4165
varphi      -0.1595 -0.1145 -0.1761 -0.1688  0.1688  0.0328  0.0501  0.0054  0.0333 -0.1178  0.0312 -0.1150  0.0000  0.0000  0.0000  0.0000  1.0000  0.0000  0.0650 -0.0179  0.1681  0.0000  0.0000  0.1041
gammaH      -0.0500 -0.0854 -0.0107  0.0283 -0.0283  0.3517  0.0792  0.2094 -0.1134 -0.0878 -0.1062 -0.0857  0.0000  0.0000  0.0000  0.0000  0.0000  1.0000 -0.0175 -0.0019 -0.0282  0.0000  0.0000  0.0776
dep          0.0575  0.2307 -0.1068 -0.2502  0.2502  0.0431  0.9142  0.4342  0.4462  0.2308  0.4265  0.2216  0.0157  0.0053 -0.4474 -0.0316  0.0650 -0.0175  1.0000  0.0248  0.2419  0.0867 -0.1548 -0.2233
bstar       -0.3750 -0.2408 -0.4397 -0.4436  0.4436 -0.0809  0.0408  0.0451  0.0992 -0.2684  0.1261 -0.2763  0.0604  0.0113 -0.0527 -0.0717 -0.0179 -0.0019  0.0248  1.0000  0.4253 -0.2336  0.0424  0.1883
chstar      -0.7243 -0.3942 -0.9128 -0.9732  0.9732  0.0052  0.2716  0.2520  0.3946 -0.4349  0.4626 -0.4644  0.1694 -0.0196 -0.2637  0.1331  0.1681 -0.0282  0.2419  0.4253  1.0000  0.6554 -0.2563  0.4154
istar       -0.6340 -0.4631 -0.6930 -0.6581  0.6581  0.1350  0.0704  0.0155  0.1128 -0.4763  0.1056 -0.4650  0.0000  0.0000  0.0000  0.0000  0.0000  0.0000  0.0867 -0.2336  0.6554  1.0000  0.0000  0.4211
pistar       0.2454  0.1776  0.2697  0.2574 -0.2574 -0.0535 -0.0522 -0.0075 -0.0477  0.1827 -0.0447  0.1784  0.0000  0.0000  0.0000  0.0000  0.0000  0.0000 -0.1548  0.0424 -0.2563  0.0000  1.0000 -0.1615
tb          -0.8063 -0.9036 -0.5985 -0.3204  0.3204  0.2439 -0.4182 -0.5550 -0.4220 -0.8382 -0.5215 -0.7642 -0.2300 -0.0886  0.6232  0.4165  0.1041  0.0776 -0.2233  0.1883  0.4154  0.4211 -0.1615  1.0000



COEFFICIENTS OF AUTOCORRELATION
Order          1       2       3       4       5
c         0.9015  0.8233  0.7596  0.7064  0.6609
ch        0.8108  0.6741  0.5736  0.4982  0.4403
cf        0.9472  0.8986  0.8537  0.8120  0.7733
prh       0.9348  0.8785  0.8290  0.7849  0.7450
rer       0.9348  0.8785  0.8290  0.7849  0.7450
rnom      0.8963  0.7987  0.7098  0.6300  0.5592
pic       0.2134  0.1458  0.0991  0.0670  0.0448
pih       0.6460  0.4464  0.3093  0.2147  0.1494
lab       0.6941  0.4866  0.3450  0.2478  0.1807
rw        0.8016  0.6610  0.5596  0.4851  0.4291
y         0.7341  0.5486  0.4179  0.3248  0.2576
mchr      0.8025  0.6630  0.5626  0.4889  0.4335
a         0.9000  0.8100  0.7290  0.6561  0.5905
g         0.8000  0.6400  0.5120  0.4096  0.3277
z         0.7000  0.4900  0.3430  0.2401  0.1681
cstar     0.8500  0.7225  0.6141  0.5220  0.4437
varphi    0.8500  0.7225  0.6141  0.5220  0.4437
gammaH    0.0000  0.0000  0.0000  0.0000  0.0000
dep      -0.0141 -0.0125 -0.0115 -0.0107 -0.0100
bstar     0.9997  0.9989  0.9977  0.9962  0.9944
chstar    0.9309  0.8714  0.8194  0.7731  0.7315
istar     0.9500  0.9025  0.8574  0.8145  0.7738
pistar    0.9000  0.8100  0.7290  0.6561  0.5905
tb        0.8162  0.6791  0.5751  0.4946  0.4312
Total computing time : 0h00m00s
