Starting Dynare (version 4.5.7).
Starting preprocessing of the model file ...
Found 40 equation(s).
Evaluating expressions...done
Computing static model derivatives:
 - order 1
Computing dynamic model derivatives:
 - order 1
 - order 2
Processing outputs ...
done
Preprocessing completed.




Residuals of the static equations:

Equation number 1 : 0
Equation number 2 : 0
Equation number 3 : 0
Equation number 4 : 0
Equation number 5 : 0
Equation number 6 : 0
Equation number 7 : 0
Equation number 8 : 0
Equation number 9 : 0
Equation number 10 : 0
Equation number 11 : 0
Equation number 12 : 0
Equation number 13 : 0
Equation number 14 : 0
Equation number 15 : 0
Equation number 16 : 0
Equation number 17 : 0
Equation number 18 : 0
Equation number 19 : 0
Equation number 20 : 0
Equation number 21 : 0
Equation number 22 : 0
Equation number 23 : 0
Equation number 24 : 0
Equation number 25 : 0
Equation number 26 : 0
Equation number 27 : 0
Equation number 28 : 0
Equation number 29 : 0
Equation number 30 : 0
Equation number 31 : 0
Equation number 32 : 0
Equation number 33 : 0
Equation number 34 : 0
Equation number 35 : 0
Equation number 36 : 0
Equation number 37 : 0
Equation number 38 : 0
Equation number 39 : 0
Equation number 40 : 0



STEADY-STATE RESULTS:

c          		 0
ch         		 0
cf         		 0
prh        		 0
rer        		 0
rnom       		 0
pic        		 0
pih        		 0
lab        		 0
rw         		 0
y          		 0
mchr       		 0
a          		 0
g          		 0
z          		 0
cstar      		 0
varphi     		 0
gammaH     		 0
dep        		 0
bstar      		 0
chstar     		 0
istar      		 0
pistar     		 0
tb         		 0
y_gap      		 0
c_nat      		 0
ch_nat     		 0
cf_nat     		 0
prh_nat    		 0
rer_nat    		 0
rnom_nat   		 0
pic_nat    		 0
lab_nat    		 0
rw_nat     		 0
y_nat      		 0
mchr_nat   		 0
dep_nat    		 0
bstar_nat  		 0
chstar_nat 		 0
tb_nat     		 0

EIGENVALUES:
         Modulus             Real        Imaginary

               0               -0                0
       3.738e-17       -3.738e-17                0
       6.028e-17       -6.028e-17                0
          0.5949           0.5949                0
             0.7              0.7                0
             0.8              0.8                0
            0.85             0.85                0
            0.85             0.85                0
             0.9              0.9                0
             0.9              0.9                0
            0.95             0.95                0
          0.9949           0.9949                0
          0.9949           0.9949                0
            1.01             1.01                0
            1.01             1.01                0
           1.085            1.085                0
           1.324            1.324                0
        3.24e+16         3.24e+16                0
       6.781e+16       -6.781e+16                0
       4.731e+17        4.731e+17                0
        7.98e+17         7.98e+17                0


There are 8 eigenvalue(s) larger than 1 in modulus 
for 8 forward-looking variable(s)

The rank condition is verified.


MODEL SUMMARY

  Number of variables:         40
  Number of stochastic shocks: 8
  Number of state variables:   13
  Number of jumpers:           8
  Number of static variables:  22


MATRIX OF COVARIANCE OF EXOGENOUS SHOCKS
Variables         e_a       e_g       e_z   e_cstar   e_istar  e_pistar  e_varphi  e_gammaH
e_a          0.490000  0.000000  0.000000  0.000000  0.000000  0.000000  0.000000  0.000000
e_g          0.000000  0.250000  0.000000  0.000000  0.000000  0.000000  0.000000  0.000000
e_z          0.000000  0.000000  0.000000  0.000000  0.000000  0.000000  0.000000  0.000000
e_cstar      0.000000  0.000000  0.000000  1.000000  0.000000  0.000000  0.000000  0.000000
e_istar      0.000000  0.000000  0.000000  0.000000  0.062500  0.000000  0.000000  0.000000
e_pistar     0.000000  0.000000  0.000000  0.000000  0.000000  0.062500  0.000000  0.000000
e_varphi     0.000000  0.000000  0.000000  0.000000  0.000000  0.000000  0.000000  0.000000
e_gammaH     0.000000  0.000000  0.000000  0.000000  0.000000  0.000000  0.000000  0.000000

POLICY AND TRANSITION FUNCTIONS
                                   c              ch              cf             prh             rer            rnom             pic             pih             lab              rw               y            mchr               a               g               z           cstar          varphi          gammaH             dep           bstar          chstar           istar          pistar              tb           y_gap           c_nat          ch_nat          cf_nat         prh_nat         rer_nat        rnom_nat         pic_nat         lab_nat          rw_nat           y_nat        mchr_nat         dep_nat       bstar_nat      chstar_nat          tb_nat
rnom(-1)                   -2.073375       -2.598890       -0.847175        1.051029       -2.452400        0.594889       -2.184855       -1.133826       -2.344737       -4.418112       -2.344737       -4.418112               0               0               0               0               0               0       -4.637255       -0.779667       -1.751714               0               0        0.779667       -2.344737               0               0               0               0               0               0               0               0               0               0               0               0               0               0               0
a(-1)                       0.261316        0.404156       -0.071978       -0.285681        0.666589       -0.043926        0.090455       -0.195226       -0.474250       -0.212934        0.425750       -1.112934        0.900000               0               0               0               0               0        0.757044        0.121247        0.476135               0               0       -0.121247       -0.354857        0.572523        0.795958        0.051173       -0.446871        1.042699       -0.103146        0.446871       -0.119394        0.453129        0.780606       -0.446871        1.489570        0.238787        0.744785       -0.238787
g(-1)                       0.562246        0.530725        0.635796        0.063043       -0.147100        0.034893        0.092039        0.155081        0.339986        0.902232        0.339986        0.902232               0        0.800000               0               0               0               0       -0.055062        0.159217       -0.105072               0               0       -0.159217        0.359619        0.242146        0.130890        0.501744        0.222512       -0.519196        0.155875       -0.222512       -0.019633        0.222512       -0.019633        0.222512       -0.741708        0.039267       -0.370854       -0.039267
z(-1)                      -4.554740       -5.764237       -1.732580        2.418994       -5.644319       -0.036114       -5.690610       -3.271616       -5.244463       -9.799203       -5.244463       -9.799203               0               0        0.700000               0               0               0      -11.334930       -1.729271       -4.031657               0               0        1.729271       -5.244463               0               0               0               0               0               0               0               0               0               0               0               0               0               0               0
cstar(-1)                   0.065278        0.004352        0.207439        0.121852       -0.284322        0.006537       -0.092801        0.029051        0.197120        0.262398        0.197120        0.262398               0               0               0        0.850000               0               0       -0.377123       -0.253694        0.646913               0               0        0.253694        0.060255        0.011990       -0.062438        0.185656        0.148856       -0.347331        0.021913       -0.148856        0.136866        0.148856        0.136866        0.148856       -0.496186       -0.273731        0.601907        0.273731
varphi(-1)                 -1.634722       -0.845648       -3.475895       -1.578148        3.682345        0.006537        1.607199        0.029051        0.197120       -1.437602        0.197120       -1.437602               0               0               0               0        0.850000               0        5.289544       -0.253694        2.630246               0               0        0.253694        0.060255       -1.688010       -0.912438       -3.497678       -1.551144        3.619336        0.021913        1.551144        0.136866       -1.551144        0.136866       -1.551144        5.170480       -0.273731        2.585240        0.273731
bstar(-1)                  -0.062158       -0.033490       -0.129049       -0.057335        0.133782        0.000029        0.057464        0.000129        0.005224       -0.056933        0.005224       -0.056933               0               0               0               0               0               0        0.191245        0.994978        0.095558               0               0        0.010047        0.005224               0               0               0               0               0               0               0               0               0               0               0               0               0               0               0
istar(-1)                  -4.925695       -2.592104      -10.370742       -4.667183       10.890094        0.016000        4.738293        0.071110        0.519119       -4.406576        0.519119       -4.406576               0               0               0               0               0               0       15.628387       -0.777631        7.778639        0.950000               0        0.777631        0.111864       -5.022809       -2.715032      -10.407622       -4.615554       10.769627        0.024478        4.615554        0.407255       -4.615554        0.407255       -4.615554       15.385181       -0.814510        7.692591        0.814510
bstar_nat(-1)                      0               0               0               0               0               0               0               0               0               0               0               0               0               0               0               0               0               0               0               0               0               0               0               0       -0.005052       -0.062307       -0.033679       -0.129104       -0.057255        0.133595        0.000026        0.057255        0.005052       -0.057255        0.005052       -0.057255        0.190850        0.994921        0.095425        0.010104
rer(-1)                            0               0               0               0               0               0       -0.428571               0               0               0               0               0               0               0               0               0               0               0       -1.428571               0               0               0               0               0               0               0               0               0               0               0               0               0               0               0               0               0               0               0               0               0
pistar(-1)                  2.275968        1.185181        4.821140        2.181575       -5.090343       -0.008828       -2.220813       -0.039238       -0.261161        2.014807       -0.261161        2.014807               0               0               0               0               0               0       -8.211156        0.355554       -3.635959               0        0.900000       -0.355554       -0.071536        2.338713        1.264169        4.845981        2.149087       -5.014537       -0.020878       -2.149087       -0.189625        2.149087       -0.189625        2.149087       -8.063624        0.379251       -3.581812       -0.379251
rer_nat(-1)                        0               0               0               0               0               0               0               0               0               0               0               0               0               0               0               0               0               0               0               0               0               0               0               0               0               0               0               0               0               0               0       -0.428571               0               0               0               0       -1.428571               0               0               0
e_a                         0.290351        0.449062       -0.079976       -0.317423        0.740654       -0.048806        0.100506       -0.216918       -0.526945       -0.236594        0.473055       -1.236594        1.000000               0               0               0               0               0        0.841159        0.134719        0.529039               0               0       -0.134719       -0.394285        0.636136        0.884398        0.056859       -0.496523        1.158554       -0.114606        0.496523       -0.132660        0.503477        0.867340       -0.496523        1.655078        0.265319        0.827539       -0.265319
e_g                         0.702808        0.663406        0.794745        0.078804       -0.183875        0.043617        0.115048        0.193852        0.424982        1.127790        0.424982        1.127790               0        1.000000               0               0               0               0       -0.068827        0.199022       -0.131339               0               0       -0.199022        0.449524        0.302682        0.163612        0.627180        0.278140       -0.648994        0.194844       -0.278140       -0.024542        0.278140       -0.024542        0.278140       -0.927135        0.049084       -0.463567       -0.049084
e_z                        -6.506772       -8.234625       -2.475115        3.455706       -8.063314       -0.051591       -8.129443       -4.673737       -7.492090      -13.998862       -7.492090      -13.998862               0               0        1.000000               0               0               0      -16.192757       -2.470387       -5.759510               0               0        2.470387       -7.492090               0               0               0               0               0               0               0               0               0               0               0               0               0               0               0
e_cstar                     0.076798        0.005120        0.244046        0.143356       -0.334496        0.007690       -0.109178        0.034178        0.231906        0.308704        0.231906        0.308704               0               0               0        1.000000               0               0       -0.443674       -0.298464        0.761074               0               0        0.298464        0.070888        0.014106       -0.073456        0.218418        0.175125       -0.408624        0.025780       -0.175125        0.161018        0.175125        0.161018        0.175125       -0.583749       -0.322037        0.708126        0.322037
e_istar                    -5.184942       -2.728530      -10.916571       -4.912824       11.463257        0.016842        4.987677        0.074852        0.546441       -4.638501        0.546441       -4.638501               0               0               0               0               0               0       16.450934       -0.818559        8.188041        1.000000               0        0.818559        0.117752       -5.287167       -2.857928      -10.955392       -4.858478       11.336449        0.025766        4.858478        0.428689       -4.858478        0.428689       -4.858478       16.194927       -0.857379        8.097464        0.857379
e_pistar                    2.528854        1.316867        5.356822        2.423973       -5.655936       -0.009809       -2.467570       -0.043597       -0.290179        2.238675       -0.290179        2.238675               0               0               0               0               0               0       -9.123507        0.395060       -4.039955               0        1.000000       -0.395060       -0.079484        2.598570        1.404632        5.384423        2.387875       -5.571708       -0.023198       -2.387875       -0.210695        2.387875       -0.210695        2.387875       -8.959582        0.421390       -3.979791       -0.421390
e_varphi                   -1.923202       -0.994880       -4.089288       -1.856644        4.332170        0.007690        1.890822        0.034178        0.231906       -1.691296        0.231906       -1.691296               0               0               0               0        1.000000               0        6.222993       -0.298464        3.094407               0               0        0.298464        0.070888       -1.985894       -1.073456       -4.114915       -1.824875        4.258043        0.025780        1.824875        0.161018       -1.824875        0.161018       -1.824875        6.082918       -0.322037        3.041459        0.322037
e_gammaH                   -0.548835       -0.687941       -0.224252        0.278213       -0.649165        0.157471        0.421656        0.699869       -0.620666       -1.169500       -0.620666       -1.169500               0               0               0               0               0        1.000000       -0.227509       -0.206382       -0.463689               0               0        0.206382       -0.620666               0               0               0               0               0               0               0               0               0               0               0               0               0               0               0
[Warning: Aggregate variance and sum of variances
by shocks differ by more than 0.01 %] 
[> In <a href="matlab:matlab.lang.internal.introspective.errorDocCallback('th_autocovariances', 'C:\4.5.7\matlab\th_autocovariances.m', 206)" style="font-weight:bold">th_autocovariances</a> (<a href="matlab: opentoline('C:\4.5.7\matlab\th_autocovariances.m',206,0)">line 206</a>)
In <a href="matlab:matlab.lang.internal.introspective.errorDocCallback('disp_th_moments', 'C:\4.5.7\matlab\disp_th_moments.m', 39)" style="font-weight:bold">disp_th_moments</a> (<a href="matlab: opentoline('C:\4.5.7\matlab\disp_th_moments.m',39,0)">line 39</a>)
In <a href="matlab:matlab.lang.internal.introspective.errorDocCallback('stoch_simul', 'C:\4.5.7\matlab\stoch_simul.m', 178)" style="font-weight:bold">stoch_simul</a> (<a href="matlab: opentoline('C:\4.5.7\matlab\stoch_simul.m',178,0)">line 178</a>)
In <a href="matlab:matlab.lang.internal.introspective.errorDocCallback('nk_2soe2', 'D:\Desktop\Training_WS\DSGE\W5 codes\W5 codes\nk_2soe2.m', 436)" style="font-weight:bold">nk_2soe2</a> (<a href="matlab: opentoline('D:\Desktop\Training_WS\DSGE\W5 codes\W5 codes\nk_2soe2.m',436,0)">line 436</a>)
In <a href="matlab:matlab.lang.internal.introspective.errorDocCallback('dynare', 'C:\4.5.7\matlab\dynare.m', 235)" style="font-weight:bold">dynare</a> (<a href="matlab: opentoline('C:\4.5.7\matlab\dynare.m',235,0)">line 235</a>)] 


THEORETICAL MOMENTS
VARIABLE           MEAN  STD. DEV.   VARIANCE
c                0.0000     4.8144    23.1786
ch               0.0000     2.7795     7.7256
cf               0.0000     9.9393    98.7898
prh              0.0000     4.5102    20.3422
rer              0.0000    10.5239   110.7521
rnom             0.0000     0.1980     0.0392
pic              0.0000     1.4301     2.0453
pih              0.0000     0.2405     0.0578
lab              0.0000     0.8085     0.6536
rw               0.0000     4.4463    19.7699
y                0.0000     1.3058     1.7052
mchr             0.0000     4.6844    21.9438
a                0.0000     1.6059     2.5789
g                0.0000     0.8333     0.6944
z                0.0000     0.0000     0.0000
cstar            0.0000     1.8983     3.6036
varphi           0.0000     0.0000     0.0000
gammaH           0.0000     0.0000     0.0000
dep              0.0000     4.8248    23.2783
bstar            0.0000    48.9222  2393.3787
chstar           0.0000     7.5532    57.0505
istar            0.0000     0.8006     0.6410
pistar           0.0000     0.5735     0.3289
tb               0.0000     1.0008     1.0015
y_gap            0.0000     0.4567     0.2086
c_nat            0.0000     4.8906    23.9181
ch_nat           0.0000     2.9104     8.4706
cf_nat           0.0000    10.0309   100.6184
prh_nat          0.0000     4.5726    20.9089
rer_nat          0.0000    10.6695   113.8373
rnom_nat         0.0000     0.2514     0.0632
pic_nat          0.0000     1.4436     2.0841
lab_nat          0.0000     0.5233     0.2739
rw_nat           0.0000     4.5003    20.2525
y_nat            0.0000     1.4927     2.2281
mchr_nat         0.0000     4.5726    20.9089
dep_nat          0.0000     4.8953    23.9637
bstar_nat        0.0000    50.2203  2522.0812
chstar_nat       0.0000     7.6394    58.3603
tb_nat           0.0000     1.0467     1.0956



VARIANCE DECOMPOSITION (in percent)
                   e_a       e_g       e_z   e_cstar   e_istar  e_pistar  e_varphi  e_gammaH
c                 5.32      1.06      0.00      7.11     77.07      9.43      0.00      0.00
ch               16.99      2.42      0.00      5.87     66.69      8.02      0.00      0.00
cf                4.01      0.45      0.00      7.60     78.25      9.68      0.00      0.00
prh               7.37      0.17      0.00      7.76     75.30      9.41      0.00      0.00
rer               7.37      0.17      0.00      7.76     75.30      9.41      0.00      0.00
rnom             79.91     14.70      0.00      2.52      2.46      0.40      0.00      0.00
pic               1.19      0.33      0.00      0.62     78.24     19.63      0.00      0.00
pih              72.23     22.78      0.00      3.12      1.50      0.37      0.00      0.00
lab              43.50     10.01      0.00     22.56     20.86      3.07      0.00      0.00
rw                4.10      2.73      0.00      8.79     75.32      9.06      0.00      0.00
y                78.34      3.84      0.00      8.65      8.00      1.18      0.00      0.00
mchr             13.60      2.46      0.00      7.92     67.86      8.16      0.00      0.00
a               100.00      0.00      0.00      0.00      0.00      0.00      0.00      0.00
g                 0.00    100.00      0.00      0.00      0.00      0.00      0.00      0.00
z                 0.07      0.00     99.01      0.01      0.51      0.40      0.00      0.00
cstar             0.00      0.00      0.00    100.00      0.00      0.00      0.00      0.00
varphi            0.00      0.00      0.00      0.08      0.00      0.00     99.92      0.00
gammaH            0.00      0.00      0.00      0.00      0.00      0.00      0.00    100.00
dep               1.63      0.03      0.00      0.85     75.14     22.35      0.00      0.00
bstar            10.07      0.34      0.00     17.44     67.94      4.21      0.00      0.00
chstar            7.30      0.16      0.00      8.64     74.58      9.32      0.00      0.00
istar             0.00      0.00      0.00      0.00    100.00      0.00      0.00      0.00
pistar            0.00      0.00      0.00      0.00      0.00    100.00      0.00      0.00
tb               11.80      1.68      0.00     34.65     46.30      5.57      0.00      0.00
y_gap            59.35     35.90      0.00      3.75      0.69      0.31      0.00      0.00
c_nat             7.68      0.27      0.00      7.21     75.47      9.37      0.00      0.00
ch_nat           24.02      0.22      0.00      5.76     62.26      7.73      0.00      0.00
cf_nat            5.30      0.27      0.00      7.84     77.02      9.56      0.00      0.00
prh_nat           9.73      0.26      0.00      8.06     72.90      9.05      0.00      0.00
rer_nat           9.73      0.26      0.00      8.06     72.90      9.05      0.00      0.00
rnom_nat         53.56     41.73      0.00      3.78      0.66      0.28      0.00      0.00
pic_nat           5.95      1.04      0.00      1.49     73.34     18.18      0.00      0.00
lab_nat          16.72      0.15      0.00     34.43     43.33      5.38      0.00      0.00
rw_nat            6.81      0.27      0.00      8.32     75.26      9.34      0.00      0.00
y_nat            89.76      0.02      0.00      4.23      5.33      0.66      0.00      0.00
mchr_nat          9.73      0.26      0.00      8.06     72.90      9.05      0.00      0.00
dep_nat           5.75      1.01      0.00      1.44     70.87     20.94      0.00      0.00
bstar_nat        12.88      0.06      0.00     17.49     65.43      4.14      0.00      0.00
chstar_nat        9.69      0.26      0.00      8.50     72.55      9.01      0.00      0.00
tb_nat           16.72      0.15      0.00     34.43     43.33      5.38      0.00      0.00



MATRIX OF CORRELATIONS
Variables              c          ch          cf         prh         rer        rnom         pic         pih         lab          rw           y        mchr           a           g       cstar         dep       bstar      chstar       istar      pistar          tb       y_gap       c_nat      ch_nat      cf_nat     prh_nat     rer_nat    rnom_nat     pic_nat     lab_nat      rw_nat       y_nat    mchr_nat     dep_nat   bstar_nat  chstar_nat      tb_nat
c                 1.0000      0.9647      0.9851      0.9459     -0.9459     -0.2020     -0.1661     -0.1439     -0.5218      0.9879     -0.1694      0.8948      0.1250      0.0915      0.0612     -0.1807     -0.3837     -0.9259     -0.7229      0.2798     -0.7690     -0.0644      0.9962      0.9389      0.9834      0.9357     -0.9357     -0.0966     -0.1426     -0.7499      0.9954     -0.1285      0.9357     -0.1730     -0.3835     -0.9183     -0.7499
ch                0.9647      1.0000      0.9051      0.8270     -0.8270     -0.4051     -0.1638     -0.2703     -0.6149      0.9328      0.0701      0.7597      0.3666      0.1412      0.0191     -0.1610     -0.3363     -0.8183     -0.6712      0.2574     -0.8224     -0.1586      0.9654      0.9852      0.9020      0.8110     -0.8110     -0.2440     -0.1214     -0.8115      0.9548      0.1098      0.8110     -0.1495     -0.3320     -0.8043     -0.8115
cf                0.9851      0.9051      1.0000      0.9876     -0.9876     -0.0619     -0.1614     -0.0560     -0.4413      0.9864     -0.3192      0.9491     -0.0374      0.0557      0.0864     -0.1867     -0.4000     -0.9611     -0.7292      0.2838     -0.7050     -0.0006      0.9785      0.8730      0.9992      0.9817     -0.9817      0.0032     -0.1511     -0.6813      0.9841     -0.2791      0.9817     -0.1818     -0.4026     -0.9579     -0.6813
prh               0.9459      0.8270      0.9876      1.0000     -1.0000      0.0680     -0.1528      0.0260     -0.3562      0.9594     -0.4480      0.9741     -0.1850      0.0214      0.1072     -0.1873     -0.4046     -0.9683     -0.7160      0.2800     -0.6281      0.0579      0.9368      0.7901      0.9876      0.9982     -0.9982      0.0944     -0.1549     -0.6007      0.9482     -0.4096      0.9982     -0.1851     -0.4096     -0.9691     -0.6007
rer              -0.9459     -0.8270     -0.9876     -1.0000      1.0000     -0.0680      0.1528     -0.0260      0.3562     -0.9594      0.4480     -0.9741      0.1850     -0.0214     -0.1072      0.1873      0.4046      0.9683      0.7160     -0.2800      0.6281     -0.0579     -0.9368     -0.7901     -0.9876     -0.9982      0.9982     -0.0944      0.1549      0.6007     -0.9482      0.4096     -0.9982      0.1851      0.4096      0.9691      0.6007
rnom             -0.2020     -0.4051     -0.0619      0.0680     -0.0680      1.0000      0.0827      0.6444      0.6302     -0.1042     -0.6563      0.1929     -0.8509      0.3503      0.1482      0.0139     -0.1133     -0.0304      0.1526     -0.0605      0.4218      0.5726     -0.2310     -0.4714     -0.0562      0.1060     -0.1060      0.8933     -0.0174      0.4739     -0.1959     -0.7493      0.1060     -0.0100     -0.1331     -0.0690      0.4739
pic              -0.1661     -0.1638     -0.1614     -0.1528      0.1528      0.0827      1.0000      0.1099      0.1427     -0.1539      0.0088     -0.1239     -0.0647      0.0555     -0.0254      0.9868      0.0268      0.1457      0.1310     -0.0971      0.1220      0.1028     -0.1710     -0.1733     -0.1606     -0.1452      0.1452      0.0943      0.9687      0.1307     -0.1707     -0.0238     -0.1452      0.9637      0.0244      0.1386      0.1307
pih              -0.1439     -0.2703     -0.0560      0.0260     -0.0260      0.6444      0.1099      1.0000      0.8367     -0.0037     -0.3820      0.2474     -0.7319      0.4103      0.1505     -0.0016     -0.0352      0.0120      0.1075     -0.0520      0.3109      0.9822     -0.2177     -0.4239     -0.0667      0.0741     -0.0741      0.8416     -0.1140      0.4355     -0.1859     -0.6347      0.0741     -0.1060     -0.0439     -0.0365      0.4355
lab              -0.5218     -0.6149     -0.4413     -0.3562      0.3562      0.6302      0.1427      0.8367      1.0000     -0.3832     -0.1043     -0.1621     -0.5882      0.2802      0.4513      0.0629      0.1344      0.4679      0.3819     -0.1615      0.7692      0.7967     -0.5778     -0.7241     -0.4487     -0.3141      0.3141      0.7402     -0.0372      0.8496     -0.5291     -0.3350     -0.3141     -0.0177      0.1268      0.4255      0.8496
rw                0.9879      0.9328      0.9864      0.9594     -0.9594     -0.1042     -0.1539     -0.0037     -0.3832      1.0000     -0.2024      0.9395      0.0284      0.1501      0.1484     -0.1842     -0.3910     -0.9175     -0.7132      0.2736     -0.6928      0.0751      0.9736      0.8849      0.9832      0.9561     -0.9561      0.0300     -0.1612     -0.6575      0.9816     -0.2000      0.9561     -0.1905     -0.3922     -0.9169     -0.6575
y                -0.1694      0.0701     -0.3192     -0.4480      0.4480     -0.6563      0.0088     -0.3820     -0.1043     -0.2024      1.0000     -0.4888      0.8656      0.1735      0.2794      0.0650      0.1637      0.5161      0.2364     -0.1000      0.1006     -0.2636     -0.1583      0.0997     -0.3247     -0.4654      0.4654     -0.4418      0.0628      0.0689     -0.1640      0.9555     -0.4654      0.0734      0.1783      0.5337      0.0689
mchr              0.8948      0.7597      0.9491      0.9741     -0.9741      0.1929     -0.1239      0.2474     -0.1621      0.9395     -0.4888      1.0000     -0.3159      0.1424      0.1408     -0.1821     -0.3936     -0.9340     -0.6770      0.2597     -0.5529      0.2822      0.8685      0.6872      0.9463      0.9830     -0.9830      0.2793     -0.1770     -0.4966      0.8861     -0.5140      0.9830     -0.2044     -0.4001     -0.9457     -0.4966
a                 0.1250      0.3666     -0.0374     -0.1850      0.1850     -0.8509     -0.0647     -0.7319     -0.5882      0.0284      0.8656     -0.3159      1.0000      0.0000      0.0000      0.0212      0.0654      0.1841      0.0000      0.0000     -0.3054     -0.6154      0.1622      0.4456     -0.0381     -0.2203      0.2203     -0.7318      0.0698     -0.3717      0.1330      0.9455     -0.2203      0.0686      0.0811      0.2198     -0.3717
g                 0.0915      0.1412      0.0557      0.0214     -0.0214      0.3503      0.0555      0.4103      0.2802      0.1501      0.1735      0.1424      0.0000      1.0000      0.0000      0.0071      0.0123     -0.0213      0.0000      0.0000     -0.1177      0.5390      0.0495      0.0450      0.0500      0.0487     -0.0487      0.6460     -0.0308     -0.0375      0.0495     -0.0132      0.0487     -0.0303      0.0040     -0.0486     -0.0375
cstar             0.0612      0.0191      0.0864      0.1072     -0.1072      0.1482     -0.0254      0.1505      0.4513      0.1484      0.2794      0.1408      0.0000      0.0000      1.0000     -0.0426     -0.0776      0.1446      0.0000      0.0000      0.5532      0.1669      0.0484     -0.0089      0.0847      0.1149     -0.1149      0.1944     -0.0546      0.5515      0.1167      0.1934      0.1149     -0.0536     -0.0789      0.1339      0.5515
dep              -0.1807     -0.1610     -0.1867     -0.1873      0.1873      0.0139      0.9868     -0.0016      0.0629     -0.1842      0.0650     -0.1821      0.0212      0.0071     -0.0426      1.0000      0.0251      0.1757      0.1169     -0.2087      0.1099     -0.0073     -0.1767     -0.1520     -0.1844     -0.1846      0.1846      0.0016      0.9807      0.1036     -0.1800      0.0591     -0.1846      0.9885      0.0238      0.1736      0.1036
bstar            -0.3837     -0.3363     -0.4000     -0.4046      0.4046     -0.1133      0.0268     -0.0352      0.1344     -0.3910      0.1637     -0.3936      0.0654      0.0123     -0.0776      0.0251      1.0000      0.3831     -0.2529      0.0460      0.2360     -0.0314     -0.3919     -0.3323     -0.4119     -0.4152      0.4152     -0.0732      0.0315      0.2350     -0.3986      0.1528     -0.4152      0.0256      0.9984      0.3949      0.2350
chstar           -0.9259     -0.8183     -0.9611     -0.9683      0.9683     -0.0304      0.1457      0.0120      0.4679     -0.9175      0.5161     -0.9340      0.1841     -0.0213      0.1446      0.1757      0.3831      1.0000      0.7126     -0.2787      0.7641     -0.0157     -0.9202     -0.7885     -0.9616     -0.9645      0.9645     -0.0451      0.1404      0.7365     -0.9143      0.4563     -0.9645      0.1707      0.3878      0.9982      0.7365
istar            -0.7229     -0.6712     -0.7292     -0.7160      0.7160      0.1526      0.1310      0.1075      0.3819     -0.7132      0.2364     -0.6770      0.0000      0.0000      0.0000      0.1169     -0.2529      0.7126      1.0000      0.0000      0.5592      0.0561     -0.7140     -0.6486     -0.7213     -0.7018      0.7018      0.0809      0.1111      0.5410     -0.7130      0.1897     -0.7018      0.1093     -0.2493      0.7001      0.5410
pistar            0.2798      0.2574      0.2838      0.2800     -0.2800     -0.0605     -0.0971     -0.0520     -0.1615      0.2736     -0.1000      0.2597      0.0000      0.0000      0.0000     -0.2087      0.0460     -0.2787      0.0000      1.0000     -0.2145     -0.0443      0.2782      0.2527      0.2811      0.2735     -0.2735     -0.0527     -0.0866     -0.2108      0.2779     -0.0739      0.2735     -0.2023      0.0460     -0.2728     -0.2108
tb               -0.7690     -0.8224     -0.7050     -0.6281      0.6281      0.4218      0.1220      0.3109      0.7692     -0.6928      0.1006     -0.5529     -0.3054     -0.1177      0.5532      0.1099      0.2360      0.7641      0.5592     -0.2145      1.0000      0.2272     -0.7769     -0.8260     -0.7034     -0.6103      0.6103      0.3139      0.0701      0.9900     -0.7291      0.0185     -0.6103      0.0941      0.2317      0.7463      0.9900
y_gap            -0.0644     -0.1586     -0.0006      0.0579     -0.0579      0.5726      0.1028      0.9822      0.7967      0.0751     -0.2636      0.2822     -0.6154      0.5390      0.1669     -0.0073     -0.0314     -0.0157      0.0561     -0.0443      0.2272      1.0000     -0.1409     -0.3203     -0.0121      0.1064     -0.1064      0.8381     -0.1220      0.3580     -0.1114     -0.5365      0.1064     -0.1147     -0.0405     -0.0647      0.3580
c_nat             0.9962      0.9654      0.9785      0.9368     -0.9368     -0.2310     -0.1710     -0.2177     -0.5778      0.9736     -0.1583      0.8685      0.1622      0.0495      0.0484     -0.1767     -0.3919     -0.9202     -0.7140      0.2782     -0.7769     -0.1409      1.0000      0.9541      0.9792      0.9245     -0.9245     -0.1527     -0.1299     -0.7696      0.9972     -0.0954      0.9245     -0.1603     -0.3931     -0.9103     -0.7696
ch_nat            0.9389      0.9852      0.8730      0.7901     -0.7901     -0.4714     -0.1733     -0.4239     -0.7241      0.8849      0.0997      0.6872      0.4456      0.0450     -0.0089     -0.1520     -0.3323     -0.7885     -0.6486      0.2527     -0.8260     -0.3203      0.9541      1.0000      0.8736      0.7680     -0.7680     -0.3673     -0.0943     -0.8390      0.9393      0.1852      0.7680     -0.1223     -0.3287     -0.7683     -0.8390
cf_nat            0.9834      0.9020      0.9992      0.9876     -0.9876     -0.0562     -0.1606     -0.0667     -0.4487      0.9832     -0.3247      0.9463     -0.0381      0.0500      0.0847     -0.1844     -0.4119     -0.9616     -0.7213      0.2811     -0.7034     -0.0121      0.9792      0.8736      1.0000      0.9826     -0.9826      0.0004     -0.1473     -0.6827      0.9848     -0.2803      0.9826     -0.1777     -0.4164     -0.9592     -0.6827
prh_nat           0.9357      0.8110      0.9817      0.9982     -0.9982      0.1060     -0.1452      0.0741     -0.3141      0.9561     -0.4654      0.9830     -0.2203      0.0487      0.1149     -0.1846     -0.4152     -0.9645     -0.7018      0.2735     -0.6103      0.1064      0.9245      0.7680      0.9826      1.0000     -1.0000      0.1408     -0.1579     -0.5781      0.9375     -0.4397      1.0000     -0.1872     -0.4225     -0.9691     -0.5781
rer_nat          -0.9357     -0.8110     -0.9817     -0.9982      0.9982     -0.1060      0.1452     -0.0741      0.3141     -0.9561      0.4654     -0.9830      0.2203     -0.0487     -0.1149      0.1846      0.4152      0.9645      0.7018     -0.2735      0.6103     -0.1064     -0.9245     -0.7680     -0.9826     -1.0000      1.0000     -0.1408      0.1579      0.5781     -0.9375      0.4397     -1.0000      0.1872      0.4225      0.9691      0.5781
rnom_nat         -0.0966     -0.2440      0.0032      0.0944     -0.0944      0.8933      0.0943      0.8416      0.7402      0.0300     -0.4418      0.2793     -0.7318      0.6460      0.1944      0.0016     -0.0732     -0.0451      0.0809     -0.0527      0.3139      0.8381     -0.1527     -0.3673      0.0004      0.1408     -0.1408      1.0000     -0.0678      0.4121     -0.1181     -0.6429      0.1408     -0.0604     -0.0900     -0.0922      0.4121
pic_nat          -0.1426     -0.1214     -0.1511     -0.1549      0.1549     -0.0174      0.9687     -0.1140     -0.0372     -0.1612      0.0628     -0.1770      0.0698     -0.0308     -0.0546      0.9807      0.0315      0.1404      0.1111     -0.0866      0.0701     -0.1220     -0.1299     -0.0943     -0.1473     -0.1579      0.1579     -0.0678      1.0000      0.0490     -0.1355      0.0922     -0.1579      0.9932      0.0304      0.1439      0.0490
lab_nat          -0.7499     -0.8115     -0.6813     -0.6007      0.6007      0.4739      0.1307      0.4355      0.8496     -0.6575      0.0689     -0.4966     -0.3717     -0.0375      0.5515      0.1036      0.2350      0.7365      0.5410     -0.2108      0.9900      0.3580     -0.7696     -0.8390     -0.6827     -0.5781      0.5781      0.4121      0.0490      1.0000     -0.7200     -0.0493     -0.5781      0.0728      0.2313      0.7138      1.0000
rw_nat            0.9954      0.9548      0.9841      0.9482     -0.9482     -0.1959     -0.1707     -0.1859     -0.5291      0.9816     -0.1640      0.8861      0.1330      0.0495      0.1167     -0.1800     -0.3986     -0.9143     -0.7130      0.2779     -0.7291     -0.1114      0.9972      0.9393      0.9848      0.9375     -0.9375     -0.1181     -0.1355     -0.7200      1.0000     -0.1094      0.9375     -0.1657     -0.4003     -0.9062     -0.7200
